190645 1249
190704 192
190705 1019
190738 958
191043 1072
191046 974
191056 1152
191057 1117
191062 973
191090 1000
191201 1083
191202 1026
191226 749
191247 904
191248 1085
191264 977
191271 900
191276 1219
191277 813
191367 1068
191718 940
191720 975
191721 995
191810 1001
191830 843
191833 1096
191834 981
191837 1070
191856 1037
191859 1049
193093 1225
193123 1394
193124 1238
193334 1069
193541 764
193556 1077
193557 1145
193575 941
193621 910
193834 1223
193835 1149
193836 1140
193998 977
193999 1038
194027 1078
194050 865
194052 1046
194075 1134
194076 926
194108 888
194115 958
194117 1099
194119 1049
194120 1008
194150 928
194151 919
194153 1098
194199 767
194210 1006
194223 779
194224 929
194225 1043
194270 988
194303 850
194304 1071
194305 1054
194314 1006
194315 953
194317 1143
194424 927
194428 896
194429 902
194439 1018
194455 914
194464 1013
194479 950
194480 866
194533 894
194619 940
194643 1015
194644 968
194691 904
194699 951
194702 1049
194704 873
194711 713
194712 696
194735 1077
194778 934
194789 929
194790 1130
194825 983
194896 980
194897 1044
194912 891
194914 1142
194915 999
195013 814
195014 1035
195015 1160
195016 837
195099 962
195109 813
195112 1164
195113 905
195114 982
195115 1195
195147 709
195163 842
195164 1061
195165 1001
195251 918
195303 794
195304 684
195378 785
195390 1003
195396 1062
195397 924
195398 898
195399 1030
195530 980
195540 780
195551 1038
195649 926
195655 956
195656 935
195658 954
195749 1027
195757 1018
195774 910
195775 1047
195776 975
195841 826
195868 974
195915 901
195916 1002
195917 1481
195918 1101
195919 1311
195923 1379
195926 1207
195929 1219
195930 1003
195937 1043
195947 968
195948 854
195950 846
195963 1249
195970 1085
196019 1066
196027 1001
196046 1092
196047 1067
196048 1156
196197 929
196199 930
196200 1133
196202 1081
196203 1029
196218 916
196239 866
196249 1003
196250 977
196334 954
196349 1014
196362 1030
196364 899
196437 1071
196452 799
196453 829
196495 767
196509 1075
196531 922
198049 1340
198050 1201
198063 1140
198116 1139
198207 1094
198208 1203
198210 1124
198212 1028
198213 1178
198215 1502
198230 906
198249 1566
198269 1111
198271 998
198272 1004
198346 1121
198372 1101
198485 966
198487 872
198522 1019
198941 798
198954 993
198955 883
198969 915
199008 923
199011 1148
199021 912
199318 1082
199319 906
199336 904
199356 845
199409 934
199428 919
199429 946
199435 911
199436 988
199569 942
199570 1281
199571 941
199572 1052
199573 1191
199574 1094
199608 818
199698 1088
199699 917
199703 978
199739 1073
199745 1250
199751 869
199752 1014
199753 1168
199754 929
199804 852
199812 654
199833 973
199862 1061
199864 1050
199867 1177
199868 1389
199875 881
199876 1040
199877 1041
199960 809
199961 1166
199973 788
200041 811
200042 992
200049 1065
200075 915
200091 725
200152 822
200188 1142
200190 1046
200229 1144
200243 977
200244 846
200245 970
200368 917
200369 914
200381 979
200466 983
200473 892
200491 966
200515 804
200519 921
200525 694
200532 1054
200599 826
200600 858
200990 1057
200991 986
200992 1016
201062 874
201097 846
201115 1010
201159 802
201164 917
201168 762
201173 943
201174 982
201196 640
201202 993
201229 1043
201278 841
201554 805
201602 784
201611 796
201613 831
201624 769
201625 922
201657 789
201658 985
201668 792
201669 990
201671 860
201678 1008
201679 936
201692 741
201705 764
201706 1013
201707 930
201708 1041
201718 994
201727 826
201729 965
201819 932
201824 996
202013 1104
202014 1019
202016 955
202044 787
202045 924
202054 971
202060 843
202074 982
202075 982
202084 856
202087 895
202088 998
202093 1026
202116 1185
202178 765
202205 817
202209 1109
202237 1000
202272 870
202299 960
202305 1173
