190645 1249
190646 1187
190659 1126
190661 1034
190662 1523
190663 1169
190678 783
190679 1269
190688 1054
190702 1073
190703 1115
190704 192
190705 1019
190706 1172
190707 1061
190708 1085
190710 1613
190733 814
190735 191
190736 1077
190738 958
190782 858
190895 826
190906 959
190945 842
190949 951
191043 1072
191046 974
191056 1152
191057 1117
191062 973
191086 864
191090 1000
191107 950
191112 1206
191115 1376
191123 1358
191148 1218
191201 1083
191202 1026
191226 749
191230 1330
191247 904
191248 1085
191264 977
191266 1298
191271 900
191276 1219
191277 813
191294 2140
191306 1121
191314 1208
191350 1035
191367 1068
191372 1038
191387 1262
191391 1491
191393 1239
191394 1489
191397 1163
191404 1370
191406 1125
191410 1391
191411 1360
191415 1394
191419 1337
191426 1076
191430 1045
191534 1310
191545 1015
191578 1302
191582 1412
191583 1747
191585 1666
191600 877
191612 2010
191625 1200
191651 1236
191691 1042
191700 910
191701 994
191705 1070
191713 1679
191718 940
191720 975
191721 995
191738 1103
191742 1211
191800 1015
191810 1001
191811 1008
191830 843
191833 1096
191834 981
191837 1070
191856 1037
191859 1049
192807 1299
192822 1184
192828 1246
192831 1047
192863 1601
192864 1750
192871 1471
192872 1491
192873 1666
192875 739
192879 806
192990 1301
193000 1331
193014 1280
193015 1289
193023 1271
193050 2049
193093 1225
193098 1071
193123 1394
193124 1238
193192 1161
193210 1082
193224 1476
193334 1069
193339 1137
193347 1367
193478 824
193488 1207
193489 1354
193490 1332
193491 1377
193493 1356
193494 1353
193495 1294
193496 1287
193497 1295
193500 1002
193504 1184
193507 1245
193508 1355
193514 913
193515 1378
193516 1181
193541 764
193546 1307
193556 1077
193557 1145
193575 941
193579 1367
193621 910
193627 1339
193661 1206
193665 1333
193683 1338
193691 1011
193692 1362
193693 1295
193694 1350
193735 1353
193786 1172
193796 1158
193797 1313
193833 1334
193834 1223
193835 1149
193836 1140
193844 1025
193878 1105
193898 741
193919 1155
193922 1389
193925 1232
193928 949
193998 977
193999 1038
194001 1293
194007 1369
194010 1178
194011 1389
194019 947
194027 1078
194039 1175
194050 865
194052 1046
194056 1057
194071 1362
194075 1134
194076 926
194079 1280
194082 1287
194084 1295
194086 1326
194088 1384
194090 1352
194092 1309
194094 1014
194108 888
194115 958
194117 1099
194119 1049
194120 1008
194150 928
194151 919
194153 1098
194159 1299
194160 1338
194162 1231
194199 767
194210 1006
194217 945
194223 779
194224 929
194225 1043
194227 929
194233 1136
194246 1304
194247 1207
194253 1188
194270 988
194299 1384
194303 850
194304 1071
194305 1054
194314 1006
194315 953
194317 1143
194323 1309
194396 914
194424 927
194428 896
194429 902
194431 1225
194439 1018
194455 914
194464 1013
194479 950
194480 866
194487 1213
194489 1256
194511 1289
194533 894
194542 1184
194545 1353
194548 1176
194619 940
194631 1029
194643 1015
194644 968
194669 1186
194691 904
194699 951
194702 1049
194704 873
194711 713
194712 696
194729 1351
194735 1077
194737 1320
194740 1335
194744 1339
194778 934
194788 1204
194789 929
194790 1130
194795 499
194825 983
194855 1213
194896 980
194897 1044
194908 1324
194912 891
194914 1142
194915 999
194970 1107
194991 1284
195013 814
195014 1035
195015 1160
195016 837
195043 1337
195047 1284
195051 1258
195056 1374
195058 1320
195059 959
195060 1269
195062 1350
195070 1318
195079 1401
195080 1051
195081 1182
195082 1303
195090 1269
195092 1201
195099 962
195109 813
195111 1040
195112 1164
195113 905
195114 982
195115 1195
195118 1366
195119 1300
195123 1321
195130 1263
195135 1265
195137 1292
195143 946
195147 709
195155 1219
195159 1162
195163 842
195164 1061
195165 1001
195167 1392
195168 1309
195171 1471
195175 1386
195184 1271
195190 1171
195197 1297
195200 1121
195206 1054
195251 918
195265 1030
195266 940
195303 794
195304 684
195355 1352
195378 785
195379 962
195390 1003
195392 1226
195396 1062
195397 924
195398 898
195399 1030
195404 1528
195429 1317
195434 1013
195449 1408
195452 1374
195454 1288
195466 1196
195469 1400
195512 1117
195522 1146
195529 1077
195530 980
195534 1374
195537 1196
195540 780
195551 1038
195567 917
195583 1204
195634 1071
195644 1165
195649 926
195655 956
195656 935
195658 954
195660 1058
195749 1027
195757 1018
195774 910
195775 1047
195776 975
195841 826
195868 974
195899 1125
195907 1352
195913 1115
195915 901
195916 1002
195917 1481
195918 1101
195919 1311
195923 1379
195926 1207
195927 106
195929 1219
195930 1003
195937 1043
195941 1314
195947 968
195948 854
195950 846
195963 1249
195965 1275
195970 1085
195972 1450
195973 1251
196019 1066
196023 1120
196027 1001
196034 1454
196046 1092
196047 1067
196048 1156
196063 1455
196080 902
196090 944
196107 938
196131 1033
196135 1187
196197 929
196199 930
196200 1133
196202 1081
196203 1029
196206 1399
196218 916
196239 866
196249 1003
196250 977
196255 1314
196310 1464
196334 954
196336 1415
196340 1310
196343 1106
196349 1014
196351 998
196353 979
196362 1030
196364 899
196412 1226
196431 949
196433 925
196437 1071
196445 1451
196447 1069
196452 799
196453 829
196473 1326
196486 1272
196495 767
196497 1073
196509 1075
196513 1361
196515 1283
196520 1442
196531 922
196538 1479
196539 1289
196546 1267
197710 1323
197724 979
197736 920
197859 1368
197863 1337
197874 1180
197875 1151
198022 1114
198023 1299
198041 1233
198044 1410
198045 1141
198048 1162
198049 1340
198050 1201
198063 1140
198116 1139
198119 1675
198121 1074
198133 1094
198148 1104
198202 1076
198207 1094
198208 1203
198210 1124
198212 1028
198213 1178
198214 903
198215 1502
198229 1509
198230 906
198249 1566
198268 1360
198269 1111
198270 7
198271 998
198272 1004
198346 1121
198372 1101
198374 1018
198376 1455
198421 1943
198426 1676
198434 1443
198442 1884
198481 998
198482 1361
198485 966
198487 872
198507 1472
198508 1235
198509 1392
198511 1385
198512 1279
198522 1019
198588 1079
198590 1507
198603 1380
198609 1208
198883 1520
198898 1379
198899 1613
198900 1453
198901 1367
198902 1093
198903 1158
198905 1365
198906 1445
198910 1176
198920 1032
198927 1287
198941 798
198954 993
198955 883
198957 1331
198969 915
198988 1042
198993 1481
199008 923
199011 1148
199014 1380
199021 912
199092 1423
199103 1034
199109 1495
199131 1055
199142 1363
199146 1477
199150 1373
199156 1134
199174 1173
199176 1173
199270 1229
199275 1509
199276 993
199282 975
199306 1162
199318 1082
199319 906
199336 904
199356 845
199409 934
199428 919
199429 946
199435 911
199436 988
199566 1182
199568 1064
199569 942
199570 1281
199571 941
199572 1052
199573 1191
199574 1094
199608 818
199698 1088
199699 917
199703 978
199739 1073
199745 1250
199751 869
199752 1014
199753 1168
199754 929
199804 852
199812 654
199832 1002
199833 973
199834 900
199862 1061
199864 1050
199867 1177
199868 1389
199875 881
199876 1040
199877 1041
199960 809
199961 1166
199967 1088
199973 788
200041 811
200042 992
200049 1065
200075 915
200091 725
200152 822
200160 1318
200161 1087
200174 1062
200177 1301
200188 1142
200190 1046
200229 1144
200243 977
200244 846
200245 970
200368 917
200369 914
200381 979
200466 983
200473 892
200491 966
200515 804
200519 921
200525 694
200532 1054
200599 826
200600 858
200781 924
200786 983
200795 1023
200798 1037
200961 1227
200976 872
200990 1057
200991 986
200992 1016
201005 949
201062 874
201097 846
201115 1010
201159 802
201164 917
201168 762
201173 943
201174 982
201191 913
201196 640
201200 1005
201202 993
201229 1043
201278 841
201393 1903
201404 1470
201409 1475
201430 985
201434 1568
201444 1587
201446 1557
201554 805
201602 784
201611 796
201613 831
201624 769
201625 922
201657 789
201658 985
201668 792
201669 990
201671 860
201678 1008
201679 936
201692 741
201705 764
201706 1013
201707 930
201708 1041
201718 994
201727 826
201729 965
201794 974
201802 699
201816 952
201817 1006
201819 932
201824 996
202012 1000
202013 1104
202014 1019
202016 955
202044 787
202045 924
202054 971
202060 843
202074 982
202075 982
202084 856
202087 895
202088 998
202093 1026
202116 1185
202178 765
202205 817
202209 1109
202237 1000
202272 870
202275 1264
202289 1368
202299 960
202303 1227
202304 1170
202305 1173
202314 989
202328 1122
202333 1270
202389 1001
202469 1085
202472 1361
202477 1306
202478 1159
202504 909
202792 907
202793 1143
202794 1087
202970 998
202972 943
202973 944
203002 689
