190645 116 112
190646 151 135
190659 185 169
190661 374 367
190662 20 12
190663 121 117
190678 648 640
190679 83 76
190688 267 259
190702 176 171
190703 261 255
190704 9 6
190705 441 430
190706 146 139
190707 360 341
190708 213 197
190710 21 10
190733 471 466
190734 12 5
190735 8 4
190736 202 195
190738 384 366
190782 497 492
190895 955 949
190906 505 500
190945 209 208
190949 1149 1144
191043 79 67
191046 258 248
191056 34 23
191057 76 71
191062 557 550
191086 615 606
191090 339 335
191201 89 84
191202 149 136
191226 1705 1697
191242 15 8
191244 7 6
191247 1238 1232
191248 186 136
191264 197 194
191271 365 364
191276 33 24
191277 918 891
191306 215 185
191350 763 757
191367 289 287
191387 154 151
191404 24 24
191406 225 214
191410 27 15
191411 46 24
191415 21 14
191417 28 20
191419 88 77
191421 32 21
191424 20 14
191691 90 87
191692 37 30
191693 12 4
191694 50 44
191695 50 11
191697 12 4
191700 654 650
191701 166 162
191718 226 213
191720 197 194
191721 204 194
191723 12 4
191726 37 33
191800 120 116
191808 14 7
191810 126 103
191811 246 154
191830 400 399
191831 12 7
191832 16 8
191833 114 106
191834 375 354
191837 77 66
191839 46 38
191842 26 18
191845 38 28
191849 59 50
191856 144 134
191857 46 31
191858 58 49
191859 136 135
192989 47 41
192990 160 53
193091 390 373
193092 600 584
193093 53 47
193112 235 227
193113 8 5
193114 9 6
193115 19 14
193116 693 680
193123 37 28
193124 91 63
193192 142 126
193193 515 510
193207 188 184
193334 188 175
193336 963 956
193541 638 625
193556 155 149
193557 114 109
193575 758 753
193621 1731 1717
193833 156 49
193834 45 37
193835 34 28
193836 75 68
193878 159 104
193898 171 156
193904 31 26
193905 116 113
193917 27 6
193919 51 39
193922 19 10
193925 31 20
193928 288 284
193998 302 292
193999 67 55
194027 136 122
194050 1902 1892
194051 22 17
194052 193 174
194075 120 112
194076 780 763
194108 888 880
194115 865 863
194116 11 5
194117 50 40
194119 275 273
194120 427 426
194150 491 486
194151 636 627
194153 185 166
194199 424 416
194210 582 570
194223 125 118
194224 424 417
194225 188 185
194270 83 77
194303 110 106
194304 62 53
194305 98 94
194314 322 316
194315 498 475
194317 51 43
194424 724 714
194427 14 6
194428 572 565
194429 1038 1031
194439 123 109
194455 314 308
194464 222 216
194479 577 569
194480 1436 1412
194533 876 875
194535 26 18
194619 156 118
194627 16 3
194631 231 223
194643 302 294
194644 453 427
194691 419 328
194699 271 262
194702 205 205
194704 635 598
194711 629 625
194712 781 771
194735 152 149
194778 230 223
194785 16 13
194786 15 10
194787 16 7
194788 32 23
194789 601 576
194790 66 49
194795 131 60
194825 291 227
194896 113 107
194897 118 112
194912 1670 1664
194914 47 40
194915 91 86
195013 566 561
195014 169 163
195015 30 24
195016 584 573
195099 299 271
195109 358 346
195110 13 8
195111 58 46
195112 33 27
195113 589 583
195114 111 106
195115 47 43
195147 578 567
195163 352 351
195164 68 68
195165 288 282
195249 49 44
195251 289 250
195265 166 161
195266 424 414
195303 413 412
195304 1281 1242
195378 1304 1304
195379 336 278
195385 173 38
195387 20 8
195390 419 416
195396 147 140
195397 1219 1212
195398 1803 1797
195399 434 425
195522 57 53
195523 6 6
195524 7 3
195526 12 6
195527 17 4
195528 18 4
195529 80 61
195530 597 594
195532 26 15
195540 335 328
195551 112 107
195552 1817 1804
195633 77 52
195634 93 58
195644 66 60
195645 25 25
195647 44 43
195649 254 250
195655 503 503
195656 488 482
195658 398 388
195660 231 222
195664 24 24
195747 23 18
195748 8 5
195749 142 135
195757 213 212
195758 74 22
195773 48 43
195774 973 965
195775 176 172
195776 608 601
195841 143 91
195868 383 224
195913 69 69
195915 865 864
195916 218 217
195917 17 10
195918 74 69
195919 25 19
195923 23 18
195925 21 17
195926 56 38
195927 10 5
195929 35 34
195930 602 602
195936 15 9
195937 410 407
195947 97 90
195948 621 621
195950 1606 1598
195963 75 68
195970 213 87
196019 107 102
196023 87 80
196027 198 195
196046 53 47
196047 93 82
196048 63 57
196090 115 109
196094 9 8
196095 11 6
196096 39 37
196097 27 22
196098 14 10
196099 35 32
196103 38 33
196107 466 441
196122 45 39
196131 220 211
196135 54 53
196197 570 565
196199 548 540
196200 74 73
196201 9 3
196202 115 114
196203 143 137
196218 835 825
196239 1061 1051
196249 110 104
196250 433 432
196251 10 6
196252 51 44
196334 358 355
196349 277 276
196350 13 8
196351 70 66
196352 18 13
196353 170 160
196357 16 6
196359 27 24
196361 12 7
196362 116 108
196363 49 38
196364 1370 1310
196430 55 48
196431 525 520
196432 40 36
196433 322 313
196437 227 227
196438 1299 1292
196452 1097 1097
196453 1659 1657
196458 25 16
196495 298 276
196497 186 58
196501 90 34
196508 19 8
196509 117 90
196531 452 450
197919 36 25
197920 25 15
197922 21 13
197923 286 276
197924 13 7
197925 132 118
197926 60 49
197929 438 427
198022 245 243
198023 209 190
198040 9 5
198041 78 60
198044 74 67
198045 275 268
198046 13 12
198047 12 5
198048 77 73
198049 64 59
198050 162 161
198063 307 303
198116 144 131
198202 114 113
198207 118 110
198208 216 211
198210 237 230
198211 21 14
198212 581 576
198213 119 112
198214 12 7
198215 33 23
198229 80 74
198230 1392 1384
198249 28 16
198268 68 66
198269 206 205
198270 7 4
198271 802 801
198272 659 632
198346 103 100
198372 126 120
198405 216 207
198409 17 10
198412 131 121
198421 94 85
198425 41 33
198442 133 126
198443 191 179
198445 91 89
198446 19 7
198448 456 451
198449 158 148
198451 63 55
198453 20 4
198455 54 48
198457 327 324
198460 218 214
198461 197 192
198462 75 75
198466 116 112
198468 124 117
198471 54 45
198485 262 246
198486 13 5
198487 1655 1619
198522 219 213
198523 14 7
198588 181 177
198589 18 10
198590 26 22
198603 76 72
198609 168 132
198898 145 138
198899 31 20
198900 61 60
198901 91 88
198902 1073 1064
198903 769 725
198941 300 296
198954 292 284
198955 1570 1559
198969 1290 1283
199008 650 648
199011 38 28
199021 1526 1508
199103 805 791
199275 41 40
199276 1256 1254
199282 1501 1495
199306 582 580
199318 151 144
199319 1008 1008
199336 1009 989
199356 255 238
199409 1320 1317
199428 659 650
199429 220 160
199435 1626 1618
199436 772 760
199563 8 8
199564 19 12
199565 20 15
199566 69 36
199567 18 7
199568 138 128
199569 371 369
199570 24 19
199571 567 566
199572 319 318
199573 29 25
199574 286 258
199608 2469 2440
199698 142 129
199699 767 761
199701 11 8
199703 550 548
199739 181 177
199745 162 148
199751 165 134
199752 329 324
199753 73 61
199754 1038 1024
199804 654 646
199812 812 807
199832 300 288
199833 1243 1241
199834 992 951
199862 146 145
199863 9 4
199864 492 487
199867 331 324
199868 63 32
199875 342 336
199876 385 384
199877 929 879
199960 492 488
199961 305 296
199967 427 209
199973 110 101
200041 1249 1244
200042 662 545
200049 437 413
200075 617 613
200091 1799 1714
200152 182 153
200160 74 73
200161 128 120
200174 91 90
200176 5 4
200177 64 63
200178 47 40
200180 73 21
200185 13 12
200186 34 29
200187 12 5
200188 358 353
200190 902 886
200228 138 131
200229 663 639
200243 154 148
200244 628 627
200245 457 383
200253 56 4
200368 189 181
200369 716 695
200381 210 204
200466 392 357
200473 1352 1336
200491 455 449
200515 190 189
200518 19 14
200519 778 763
200525 1004 996
200532 80 66
200599 143 142
200600 1179 1159
200601 33 18
200602 165 4
200781 130 120
200782 38 35
200786 654 642
200795 603 391
200798 156 150
200960 99 95
200961 125 125
200976 204 171
200990 153 151
200991 1065 1055
200992 690 590
201005 132 101
201062 291 285
201097 520 504
201113 69 7
201114 23 22
201115 116 110
201159 220 212
201164 427 420
201168 783 731
201173 597 595
201174 461 459
201176 12 8
201191 1395 1388
201193 27 26
201195 7 4
201196 844 842
201197 75 33
201199 14 10
201200 195 186
201202 469 448
201228 42 36
201229 102 95
201278 2224 2207
201366 77 69
201383 27 23
201384 22 12
201390 11 8
201391 9 3
201393 231 61
201404 134 123
201409 153 148
201410 373 365
201411 9 7
201412 20 17
201413 29 3
201417 610 0
201418 16 11
201419 19 16
201420 52 34
201423 53 50
201424 44 37
201425 25 22
201434 78 70
201444 61 53
201446 76 71
201448 88 82
201455 18 9
201456 77 67
201461 17 8
201463 5 3
201465 140 132
201467 31 23
201469 137 124
201473 49 35
201475 22 17
201476 186 169
201530 54 42
201535 88 77
201554 192 133
201602 655 643
201611 211 188
201612 17 6
201613 680 666
201624 278 277
201625 987 971
201657 149 128
201658 308 293
201668 164 164
201669 174 168
201671 1024 1016
201676 20 7
201678 131 122
201679 527 517
201692 200 185
201705 193 191
201706 75 66
201707 983 973
201708 108 104
201718 145 133
201727 240 239
201729 276 253
201794 125 119
201802 349 317
201803 20 14
201804 16 9
201805 19 4
201806 7 3
201807 10 4
201808 49 43
201809 20 14
201810 63 50
201812 24 14
201813 37 14
201815 51 46
201816 162 161
201817 286 276
201818 19 2
201819 249 244
201824 525 520
202000 120 44
202012 136 133
202013 66 60
202014 202 198
202016 1029 1027
202044 478 472
202045 831 828
202046 10 5
202047 17 11
202050 6 5
202051 21 8
202054 676 655
202060 952 952
202074 185 181
202075 665 658
202084 247 246
202086 14 6
202087 1100 1097
202088 292 290
202090 6 3
202091 7 5
202092 15 4
202093 394 387
202116 97 93
202178 1583 1563
202205 118 117
202207 8 5
202208 5 4
202209 171 171
202237 1103 1089
202272 1503 1496
202299 603 564
202301 36 36
202303 72 70
202304 505 499
202305 340 335
202314 291 286
202328 620 619
202331 4 3
202332 8 4
202333 279 258
202389 223 219
202469 365 360
202471 15 5
202472 117 116
202476 6 3
202477 152 151
202478 1274 1260
202504 1726 1721
202792 1038 1021
202793 237 236
202794 398 298
202868 18 4
202869 418 392
202873 25 21
202876 128 122
202880 52 40
202909 194 143
202972 607 601
202973 1443 1421
203002 1624 1611
