190645 116 112
190704 9 6
190705 441 430
190738 384 366
191043 79 67
191046 258 248
191056 34 23
191057 76 71
191062 557 550
191090 339 335
191201 89 84
191202 149 136
191226 1705 1697
191247 1238 1232
191248 186 136
191264 197 194
191271 365 364
191276 33 24
191277 918 891
191367 289 287
191718 226 213
191720 197 194
191721 204 194
191810 126 103
191830 400 399
191833 114 106
191834 375 354
191837 77 66
191856 144 134
191859 136 135
193093 53 47
193123 37 28
193124 91 63
193334 188 175
193541 638 625
193556 155 149
193557 114 109
193575 758 753
193621 1731 1717
193834 45 37
193835 34 28
193836 75 68
193998 302 292
193999 67 55
194027 136 122
194050 1902 1892
194052 193 174
194075 120 112
194076 780 763
194108 888 880
194115 865 863
194117 50 40
194119 275 273
194120 427 426
194150 491 486
194151 636 627
194153 185 166
194199 424 416
194210 582 570
194223 125 118
194224 424 417
194225 188 185
194270 83 77
194303 110 106
194304 62 53
194305 98 94
194314 322 316
194315 498 475
194317 51 43
194424 724 714
194428 572 565
194429 1038 1031
194439 123 109
194455 314 308
194464 222 216
194479 577 569
194480 1436 1412
194533 876 875
194619 156 118
194643 302 294
194644 453 427
194691 419 328
194699 271 262
194702 205 205
194704 635 598
194711 629 625
194712 781 771
194735 152 149
194778 230 223
194789 601 576
194790 66 49
194825 291 227
194896 113 107
194897 118 112
194912 1670 1664
194914 47 40
194915 91 86
195013 566 561
195014 169 163
195015 30 24
195016 584 573
195099 299 271
195109 358 346
195112 33 27
195113 589 583
195114 111 106
195115 47 43
195147 578 567
195163 352 351
195164 68 68
195165 288 282
195251 289 250
195303 413 412
195304 1281 1242
195378 1304 1304
195390 419 416
195396 147 140
195397 1219 1212
195398 1803 1797
195399 434 425
195530 597 594
195540 335 328
195551 112 107
195649 254 250
195655 503 503
195656 488 482
195658 398 388
195749 142 135
195757 213 212
195774 973 965
195775 176 172
195776 608 601
195841 143 91
195868 383 224
195915 865 864
195916 218 217
195917 17 10
195918 74 69
195919 25 19
195923 23 18
195926 56 38
195929 35 34
195930 602 602
195937 410 407
195947 97 90
195948 621 621
195950 1606 1598
195963 75 68
195970 213 87
196019 107 102
196027 198 195
196046 53 47
196047 93 82
196048 63 57
196197 570 565
196199 548 540
196200 74 73
196202 115 114
196203 143 137
196218 835 825
196239 1061 1051
196249 110 104
196250 433 432
196334 358 355
196349 277 276
196362 116 108
196364 1370 1310
196437 227 227
196452 1097 1097
196453 1659 1657
196495 298 276
196509 117 90
196531 452 450
198049 64 59
198050 162 161
198063 307 303
198116 144 131
198207 118 110
198208 216 211
198210 237 230
198212 581 576
198213 119 112
198215 33 23
198230 1392 1384
198249 28 16
198269 206 205
198271 802 801
198272 659 632
198346 103 100
198372 126 120
198485 262 246
198487 1655 1619
198522 219 213
198941 300 296
198954 292 284
198955 1570 1559
198969 1290 1283
199008 650 648
199011 38 28
199021 1526 1508
199318 151 144
199319 1008 1008
199336 1009 989
199356 255 238
199409 1320 1317
199428 659 650
199429 220 160
199435 1626 1618
199436 772 760
199569 371 369
199570 24 19
199571 567 566
199572 319 318
199573 29 25
199574 286 258
199608 2469 2440
199698 142 129
199699 767 761
199703 550 548
199739 181 177
199745 162 148
199751 165 134
199752 329 324
199753 73 61
199754 1038 1024
199804 654 646
199812 812 807
199833 1243 1241
199862 146 145
199864 492 487
199867 331 324
199868 63 32
199875 342 336
199876 385 384
199877 929 879
199960 492 488
199961 305 296
199973 110 101
200041 1249 1244
200042 662 545
200049 437 413
200075 617 613
200091 1799 1714
200152 182 153
200188 358 353
200190 902 886
200229 663 639
200243 154 148
200244 628 627
200245 457 383
200368 189 181
200369 716 695
200381 210 204
200466 392 357
200473 1352 1336
200491 455 449
200515 190 189
200519 778 763
200525 1004 996
200532 80 66
200599 143 142
200600 1179 1159
200990 153 151
200991 1065 1055
200992 690 590
201062 291 285
201097 520 504
201115 116 110
201159 220 212
201164 427 420
201168 783 731
201173 597 595
201174 461 459
201196 844 842
201202 469 448
201229 102 95
201278 2224 2207
201554 192 133
201602 655 643
201611 211 188
201613 680 666
201624 278 277
201625 987 971
201657 149 128
201658 308 293
201668 164 164
201669 174 168
201671 1024 1016
201678 131 122
201679 527 517
201692 200 185
201705 193 191
201706 75 66
201707 983 973
201708 108 104
201718 145 133
201727 240 239
201729 276 253
201819 249 244
201824 525 520
202013 66 60
202014 202 198
202016 1029 1027
202044 478 472
202045 831 828
202054 676 655
202060 952 952
202074 185 181
202075 665 658
202084 247 246
202087 1100 1097
202088 292 290
202093 394 387
202116 97 93
202178 1583 1563
202205 118 117
202209 171 171
202237 1103 1089
202272 1503 1496
202299 603 564
202305 340 335
