190645
190704
190705
190738
191043
191046
191056
191057
191062
191090
191201
191202
191226
191247
191248
191264
191271
191276
191277
191367
191695
191718
191720
191721
191726
191810
191830
191833
191834
191837
191856
191859
193093
193123
193124
193207
193334
193336
193541
193556
193557
193575
193621
193834
193835
193836
193998
193999
194027
194050
194051
194052
194075
194076
194108
194115
194117
194119
194120
194150
194151
194153
194199
194210
194223
194224
194225
194270
194303
194304
194305
194314
194315
194317
194424
194428
194429
194439
194455
194464
194479
194480
194533
194619
194643
194644
194691
194699
194702
194704
194711
194712
194735
194778
194789
194790
194825
194896
194897
194912
194914
194915
195013
195014
195015
195016
195099
195109
195112
195113
195114
195115
195147
195163
195164
195165
195251
195303
195304
195378
195390
195396
195397
195398
195399
195530
195540
195551
195552
195633
195647
195649
195655
195656
195658
195749
195757
195758
195774
195775
195776
195841
195868
195915
195916
195917
195918
195919
195923
195925
195926
195929
195930
195937
195947
195948
195950
195963
195970
196019
196027
196046
196047
196048
196197
196199
196200
196202
196203
196218
196239
196249
196250
196252
196334
196349
196357
196359
196362
196363
196364
196437
196438
196452
196453
196495
196509
196531
198049
198050
198063
198116
198207
198208
198210
198212
198213
198215
198230
198249
198269
198271
198272
198346
198372
198485
198487
198522
198941
198954
198955
198969
199008
199011
199021
199318
199319
199336
199356
199409
199428
199429
199435
199436
199564
199569
199570
199571
199572
199573
199574
199608
199698
199699
199703
199739
199745
199751
199752
199753
199754
199804
199812
199833
199862
199864
199867
199868
199875
199876
199877
199960
199961
199973
200041
200042
200049
200075
200091
200152
200180
200188
200190
200229
200243
200244
200245
200368
200369
200381
200466
200473
200491
200515
200519
200525
200532
200599
200600
200990
200991
200992
201062
201097
201114
201115
201159
201164
201168
201173
201174
201193
201196
201197
201202
201229
201278
201554
201602
201611
201613
201624
201625
201657
201658
201668
201669
201671
201678
201679
201692
201705
201706
201707
201708
201718
201727
201729
201818
201819
201824
202013
202014
202016
202044
202045
202054
202060
202074
202075
202084
202087
202088
202093
202116
202178
202205
202209
202237
202272
202299
202305
