160431 244 7936
160578 457 13630
160871 236 155327
160873 200 139887
160939 147 182878
160955 227 783602
160957 981 2.651e+06
160998 287 790255
161016 326 743905
162762 110 415497
162811 347 1.688e+06
162822 313 1.382e+06
162825 201 971660
162909 338 1.936e+06
163046 313 1.631e+06
163069 647 4.305e+06
163071 193 1.259e+06
163233 301 1.947e+06
163235 473 2.693e+06
163237 219 1.138e+06
163255 1066 8.001e+06
163261 192 913132
163270 990 8.275e+06
163286 411 2.345e+06
163289 398 2.262e+06
163296 602 5.688e+06
163297 226 2.002e+06
163300 622 4.982e+06
163301 197 1.447e+06
163302 252 1.78e+06
163332 812 8.229e+06
163333 112 1.054e+06
163334 562 4.942e+06
163337 475 3.819e+06
163338 170 1.292e+06
163339 187 1.38e+06
163340 496 3.35e+06
163370 175 1.781e+06
163371 374 3.387e+06
163374 872 6.856e+06
163376 252 1.767e+06
163378 691 4.06e+06
163385 435 3.788e+06
163387 267 2.092e+06
163402 834 7.844e+06
163475 305 3.261e+06
163476 235 2.443e+06
163479 186 1.815e+06
163480 198 1.853e+06
163583 232 3.477e+06
163588 455 5.805e+06
163589 165 1.969e+06
163657 152 2.36e+06
163659 717 9.816e+06
163662 175 2.098e+06
163663 250 2.854e+06
163664 188 2.048e+06
163668 307 2.31e+06
163738 347 4.597e+06
163758 599 8.242e+06
163759 525 6.366e+06
163760 362 4.002e+06
163761 228 2.376e+06
163765 336 3.015e+06
163796 190 3.223e+06
163817 979 1.6859e+07
165088 391 7115
165098 439 38406
165099 125 10726
165102 200 17827
165103 451 47776
165121 713 3.094e+06
165205 259 2.46e+06
165208 184 1.771e+06
165364 1351 2.0251e+07
165415 1427 2.1188e+07
165467 735 1.3307e+07
165472 917 1.3591e+07
165487 158 3.1e+06
165506 178 2.321e+06
165514 584 1.2587e+07
165548 630 9.583e+06
165567 641 1.355e+07
165570 968 1.7046e+07
165617 414 9.717e+06
165633 525 1.1059e+07
165970 348 7.418e+06
165993 1772 3.4845e+07
166033 1255 3.1756e+07
166034 555 7.868e+06
166049 919 2.3192e+07
166150 140 2.838e+06
166346 260 5.029e+06
166374 201 4.806e+06
166380 1820 3.6328e+07
166408 1250 2.9507e+07
166438 888 1.9523e+07
166462 573 1.0875e+07
166486 189 2.867e+06
166512 1906 3.9976e+07
166514 469 7.496e+06
166554 749 1.7515e+07
166563 767 1.5495e+07
166565 938 1.5351e+07
166699 918 1.8938e+07
166701 810 1.3483e+07
166763 684 1.4105e+07
166781 392 9.232e+06
166782 581 1.2348e+07
166784 389 7.441e+06
166787 383 6.315e+06
166839 309 6.901e+06
166841 1023 2.0978e+07
166842 187 2.949e+06
166859 442 1.024e+07
166864 543 1.1275e+07
166888 484 1.1644e+07
166889 241 5.686e+06
166890 548 1.1734e+07
166894 219 4.25e+06
166895 622 1.0613e+07
166922 789 1.9432e+07
166923 573 9.874e+06
166946 211 4.955e+06
166950 1450 3.1285e+07
166960 199 3.591e+06
166966 254 4.381e+06
166967 248 3.532e+06
167039 247 6.069e+06
167041 676 1.4294e+07
167043 239 4.203e+06
167078 248 3.791e+06
167098 473 9.501e+06
167102 440 8.726e+06
167281 600 1.4232e+07
167282 457 8.915e+06
167284 1718 2.5953e+07
167551 485 1.1984e+07
167673 506 8.422e+06
167674 355 8.617e+06
167675 1069 2.2143e+07
167676 477 7.869e+06
167746 401 9.329e+06
167786 184 4.458e+06
167807 1879 4.3605e+07
167830 1255 2.0931e+07
167898 1768 4.0077e+07
167913 455 7.898e+06
170826 331 8.546e+06
170842 350 8.666e+06
170854 659 1.3692e+07
170876 520 9.041e+06
170896 212 3.402e+06
170901 228 2.774e+06
171050 666 1.9771e+07
171091 147 3.801e+06
171106 303 7.161e+06
171156 758 2.1517e+07
171178 1114 2.2865e+07
171219 169 4.565e+06
171282 179 6.418e+06
171315 264 6.984e+06
171369 184 4.718e+06
171484 451 1.4128e+07
171578 978 2.4534e+07
171812 447 1.474e+07
171926 277 9.577e+06
172014 256 1.0601e+07
172033 811 2.3989e+07
172163 808 2.8418e+07
172208 205 6.999e+06
172268 180 6.028e+06
172286 223 7.577e+06
172389 500 1.7623e+07
172399 245 9.053e+06
172400 720 2.5199e+07
172401 242 4.369e+06
172411 977 3.3357e+07
172478 214 3.976e+06
172620 525 9.454e+06
172630 176 7.361e+06
172635 282 1.078e+07
172791 1684 5.5618e+07
172799 379 9.357e+06
172801 1155 2.4084e+07
172802 819 1.3703e+07
172819 263 9.792e+06
172822 2341 7.0187e+07
172865 391 1.6628e+07
172868 2090 5.9791e+07
172949 1311 4.7432e+07
172952 1672 3.7794e+07
172992 978 3.8222e+07
172999 304 9.044e+06
173198 838 3.0584e+07
173236 245 1.0389e+07
173240 144 6.391e+06
173241 765 2.9156e+07
173380 225 8.364e+06
173381 313 1.1239e+07
173389 672 2.6803e+07
173406 304 1.2217e+07
173439 764 3.436e+07
173658 118 5.101e+06
173659 327 1.2816e+07
173660 377 1.3004e+07
173661 139 4.406e+06
173663 132 3.969e+06
173692 2801 8.4133e+07
175866 551 7.791e+06
175874 118 5.057e+06
175881 170 6.001e+06
175886 304 9.704e+06
175887 149 4.397e+06
175888 459 1.1787e+07
175906 208 9.136e+06
175921 453 2.1432e+07
175973 275 1.6931e+07
175974 130 7.235e+06
175975 396 1.9715e+07
175990 169 7.25e+06
176169 145 7.533e+06
176467 176 1.032e+07
176468 217 1.1886e+07
176547 194 1.2702e+07
176548 1034 5.2893e+07
176697 346 2.1989e+07
176701 153 9.21e+06
176702 962 4.6323e+07
176797 274 1.6433e+07
176799 246 1.2723e+07
176801 303 1.3342e+07
176807 466 1.7323e+07
176841 256 1.3133e+07
176844 119 6.147e+06
176850 310 1.4345e+07
176860 474 1.9005e+07
176868 505 1.6979e+07
176885 242 1.2659e+07
176886 722 3.7373e+07
176889 118 4.079e+06
176928 124 8.277e+06
176929 334 1.9549e+07
176933 445 2.1335e+07
177053 754 3.8484e+07
177074 776 3.9339e+07
177095 207 1.0031e+07
177096 204 9.75e+06
177139 635 3.6332e+07
177140 572 2.6189e+07
177141 646 2.4073e+07
177183 222 1.5298e+07
177201 809 4.4572e+07
177222 356 1.9761e+07
177319 389 1.8954e+07
177449 528 3.2754e+07
177452 175 9.066e+06
177718 1652 8.3913e+07
177719 713 2.4032e+07
177730 2325 1.10089e+08
177782 237 1.3126e+07
177783 387 2.3262e+07
177790 722 2.9758e+07
177791 228 7.732e+06
177875 597 3.4664e+07
177878 859 3.8275e+07
178098 721 4.5123e+07
178099 222 1.126e+07
178100 1631 6.1757e+07
178110 474 3.077e+07
178116 631 3.4088e+07
178160 554 3.4357e+07
178162 193 9.619e+06
178365 1103 6.568e+07
178367 751 3.1029e+07
178380 253 6.452e+06
178421 1218 6.8688e+07
178424 898 3.2618e+07
178479 1084 5.9643e+07
178703 190 1.243e+07
178708 381 2.4215e+07
178712 417 2.2349e+07
178724 286 1.3524e+07
178731 223 9.694e+06
178738 282 9.921e+06
178786 235 1.4106e+07
178803 552 2.9438e+07
178840 609 3.9889e+07
178854 148 8.733e+06
178866 434 2.3064e+07
178871 1291 5.2046e+07
178920 308 1.9276e+07
178970 589 3.7687e+07
179411 121 7.213e+06
179434 767 4.877e+07
179452 1247 5.6154e+07
179476 232 7.452e+06
179497 439 2.8167e+07
179547 350 2.3557e+07
179558 142 9.691e+06
179563 1192 6.4283e+07
179889 539 3.4765e+07
180076 364 2.4096e+07
180093 353 1.9168e+07
180241 444 2.785e+07
180250 547 3.9914e+07
