190389 241 39661
190390 20 3508
190391 39 2286
190401 90 56617
190402 17 32523
190403 39 73515
190404 28 51901
190405 98 176845
190407 12 20983
190409 21 36368
190410 20 34357
190411 349 527762
190456 184 211968
190459 58 107184
190462 16 28692
190465 130 168914
190482 422 2.259e+06
190490 163 867401
190491 61 310729
190492 52 183732
190538 127 754519
190539 357 2.194e+06
190591 233 3.21e+06
190592 37 734097
190595 343 5.797e+06
190645 116 689826
190646 151 685433
190659 185 2.758e+06
190661 374 6.104e+06
190662 20 323222
190663 121 1.746e+06
190678 648 1.144e+07
190679 83 1.147e+06
190688 267 4.84e+06
190702 176 7.182e+06
190703 261 1.2833e+07
190705 441 1.8275e+07
190706 146 5.343e+06
190707 360 1.1893e+07
190708 213 6.338e+06
190710 21 532430
190733 471 2.1099e+07
190736 202 8.987e+06
190738 384 1.3846e+07
190782 497 2.3029e+07
190895 955 3.9316e+07
190906 505 2.0989e+07
190945 209 5.62e+06
190949 1149 1.4122e+07
191043 79 4.061e+06
191046 258 1.6884e+07
191056 34 2.077e+06
191057 76 4.542e+06
191062 557 2.8438e+07
191086 615 3.5079e+07
191090 339 6.045e+06
191201 89 5.975e+06
191202 149 9.646e+06
191226 1705 1.0385e+08
191247 1238 7.9091e+07
191248 186 5.293e+06
191264 197 1.282e+07
