160406 123 3383.642
160410 102 2676.000
160413 854 16259.232
160431 244 7935.566
160432 78 2394.297
160442 152 2170.139
160497 397 12355.220
160499 185 357.250
160577 338 10145.915
160578 457 12294.591
160579 210 4791.926
160808 79 53522.442
160815 94 63673.254
160819 117 76400.616
160853 73 9959.727
160871 236 145447.226
160872 76 52239.607
160873 200 130244.462
160874 131 80114.004
160875 284 162071.479
160888 422 572620.291
160890 394 487874.258
160894 232 256305.149
160907 219 318772.733
160935 259 347631.805
160936 59 79292.961
160937 209 266020.510
160938 129 155200.197
160939 147 169384.901
160940 89 98632.043
160943 84 73042.860
160954 83 190624.418
160955 227 739562.308
160956 72 219466.204
160957 981 2464568.736
160998 287 734429.168
161008 284 658402.280
161016 326 684269.660
161103 111 421587.907
161119 220 626928.702
161217 787 3696303.405
161222 135 527287.577
161223 408 1462392.994
161310 126 577450.411
161311 703 3194185.631
161312 1129 3669779.739
161357 521 362.016
161366 524 21408.941
161396 242 9996.035
161430 83 0.310
161439 2671 127029.748
161445 71 2261.037
161450 280 8482.474
161454 101 1666.870
161473 191 14853.266
161474 1235 67389.937
162518 248 1045639.122
162713 630 2597006.247
162718 201 764830.053
162808 62 317129.166
162811 347 1599066.151
162822 313 1314373.630
162825 201 918487.141
162827 143 614156.695
162828 150 338070.648
162902 84 26632.929
162909 338 1844169.760
162917 133 203678.668
162924 150 844639.057
162925 318 2440840.237
162926 713 4773574.581
162929 432 1718112.879
163232 173 552098.188
163233 301 1829584.207
163234 73 417438.484
163235 473 2511357.371
163237 219 1055942.364
163252 156 1063783.214
163255 1066 7481499.346
163261 192 847660.312
163269 221 1807948.040
163270 990 7824007.855
163286 411 2206284.984
163289 398 2113526.924
163296 602 5410424.685
163297 226 1889450.358
163300 622 4674153.198
163301 197 1350763.381
163302 252 1658417.495
163308 91 302975.551
163332 812 7858118.128
163333 112 999191.612
163334 562 4662283.202
163337 475 3583791.946
163338 170 1208986.241
163339 187 1288752.324
163340 496 3120045.751
163358 118 332440.842
163369 104 1061463.907
163370 175 1697235.276
163371 374 3204946.101
163372 111 922052.839
163374 872 6426339.822
163376 252 1646144.898
163378 691 3766440.277
163385 435 3580907.128
163387 267 1966387.830
163475 305 3133503.878
163476 235 2331867.805
163478 82 768961.600
163479 186 1724281.207
163480 198 1755565.028
163481 89 760665.953
163483 66 364427.067
163583 232 3335274.190
163584 84 1156606.226
163586 102 1350422.931
163587 84 1084891.363
163588 455 5504439.256
163589 165 1859317.286
163591 95 1037590.640
163592 116 1237690.058
163630 246 1695605.031
163657 152 2270117.020
163659 717 9355304.699
163660 84 985949.448
163662 175 1981692.051
163663 250 2687721.280
163664 188 1923563.769
163665 175 1725884.593
163668 307 2160301.607
163738 347 4419719.250
163753 136 2089047.945
163754 79 1167914.379
163758 599 7857389.354
163759 525 6016897.774
163760 362 3761635.799
163761 228 2226096.985
163763 92 869898.121
163765 336 2815746.105
163796 190 3107736.517
163817 979 16234956.754
163869 136 1638056.342
165088 391 6461.866
165098 439 34365.940
165099 125 9569.015
165100 410 21100.254
165102 200 15915.095
165103 451 42808.246
165104 136 10416.342
165120 108 408680.311
165121 713 2904421.452
165205 259 2337930.284
165208 184 1675088.596
165364 1351 19320520.801
165400 87 1500652.387
165415 1427 20163660.421
165467 735 12676514.131
165472 917 12788763.601
165486 117 2236609.564
165487 158 2983292.361
165506 178 2202791.235
165514 584 12226712.058
165523 102 1279512.354
165537 304 5124498.076
165542 212 3325325.964
165548 630 9018270.117
165558 85 993659.563
165567 641 13063284.124
165570 968 16207270.129
165617 414 9433236.991
165620 87 1217279.362
165633 525 10702830.028
165970 348 7237535.000
165993 1772 33384628.382
166010 195 4068857.021
166011 96 1864475.417
166034 555 7484931.294
166049 919 22399479.422
166051 376 7985753.842
166052 294 2238935.559
166150 140 2760958.184
166161 135 3312408.119
166346 260 4866471.940
166374 201 4652138.580
166377 81 1928676.091
166379 126 2953603.810
166380 1820 34480717.325
166394 59 502743.922
166429 101 1628822.929
166438 888 18659013.343
166462 573 10384191.120
166486 189 2734995.710
166502 115 1924083.744
166512 1906 38101389.747
166514 469 7035057.081
166530 104 878563.135
166554 749 16832962.048
166563 767 14708268.980
166565 938 14439762.486
166699 918 18046531.948
166701 810 12685049.408
166763 684 13496951.485
166781 392 8873213.167
166782 581 11757396.538
166784 389 7039622.963
166787 383 5946826.863
166839 309 6621197.998
166841 1023 19930175.894
166842 187 2780653.713
166859 442 9861251.740
166864 543 10730818.747
166888 484 11241370.507
166889 241 5451080.993
166890 548 11177933.701
166894 219 4023691.936
166895 622 9998059.591
166911 112 1698175.067
166921 74 1509769.683
166922 789 18692166.387
166923 573 9400601.342
166946 211 4793213.760
166950 1450 29833038.910
166960 199 3386683.685
166966 254 4121730.722
166967 248 3315255.041
167039 247 5840170.996
167041 676 13607073.271
167043 239 3969181.622
167078 248 3654432.108
167098 473 9124103.681
167102 440 8273350.880
167103 141 1584109.023
167151 119 1561191.625
167281 600 13653775.064
167282 457 8443870.254
167284 1718 24285221.425
167551 485 11546597.121
167673 506 8083819.623
167674 355 8225904.356
167675 1069 20947525.729
167676 477 7383106.401
167740 178 3220840.673
167746 401 8955088.056
167754 108 1692274.032
167784 144 2992335.754
167786 184 4273973.136
167807 1879 41598462.083
167830 1255 19598362.248
167898 1768 38067301.811
167913 455 7396045.685
169810 87 2095.615
169985 179 32087.513
170000 283 48682.195
170040 443 2017857.487
170044 114 428669.870
170249 541 6292570.511
170255 410 4340623.549
170286 270 3507978.626
170292 278 3649734.689
170298 198 2423533.826
170304 149 1732691.120
170348 262 5948220.723
170354 317 7080675.116
170376 74 1030240.826
170382 320 6956867.238
170397 364 6923112.303
170406 181 2900075.087
170452 119 1858303.188
170527 97 2411166.374
170722 294 5563660.084
170759 400 10508427.406
170826 331 8203488.478
170842 350 8245471.737
170854 659 12908002.188
170876 520 8385955.681
170896 212 3171559.195
170899 84 1195244.011
170901 228 2576789.545
171050 666 19103399.778
171091 147 3625459.610
171106 303 6795125.388
171117 95 1641233.798
171156 758 20708312.260
171219 169 4478083.560
171274 160 3909841.227
171282 179 6302965.105
171315 264 6834725.504
171369 184 4621462.370
171446 871 26211573.054
171484 451 13796911.150
171578 978 23423268.897
171812 447 14411142.284
171875 71 1923044.551
171880 281 7812142.073
171895 81 2070771.210
171897 550 12603460.721
171921 162 5536966.532
171926 277 9382679.257
172014 256 10498379.493
172024 161 5947604.474
172033 811 23239513.467
172163 808 27857432.108
172208 205 6986669.958
172252 67 2550486.685
172268 180 6028787.943
172286 223 7523271.187
172389 500 17407851.527
172399 245 8987051.566
172400 720 24576550.511
172401 242 4212471.454
172411 977 32676354.372
172478 214 3796365.441
172485 640 24612709.768
172488 166 5591970.655
172495 159 5043150.751
172507 91 2657799.081
172516 656 14772131.762
172619 97 1824222.575
172620 525 8871645.706
172630 176 7348755.515
172635 282 10650381.112
172778 139 2979640.840
172791 1684 54178054.197
172799 379 8900958.172
172801 1155 22710316.464
172802 819 12811109.076
172819 263 9740386.349
172822 2341 67760019.439
172824 88 1027242.702
172847 165 3998858.961
172865 391 16602461.274
172868 2090 57765382.573
172949 1311 46554467.366
172951 70 2000723.726
172952 1672 35941590.692
172992 978 37728084.914
172998 93 2986562.679
172999 304 8739213.320
173198 838 30128533.023
173236 245 10458183.121
173240 144 6374502.730
173241 765 28653188.005
173243 97 3120526.770
173244 200 3150962.740
173380 225 8316567.405
173381 313 11062247.278
173389 672 26576149.536
173406 304 12247695.010
173430 176 6616401.489
173438 72 3243538.306
173439 764 34402987.959
173657 101 2907799.590
173658 118 5073683.419
173659 327 12623299.937
173660 377 12662874.169
173661 139 4261663.373
173663 132 3824132.990
173664 314 7566750.530
173692 2801 81568717.317
175832 154 1675747.867
175834 430 4677672.138
175835 174 1614949.818
175837 190 1570774.713
175857 56 1257672.494
175860 88 1830960.824
175863 87 1683856.034
175865 70 1285015.433
175866 551 8430560.028
175872 97 2488850.986
175874 118 5153810.473
175875 177 7158049.065
175877 73 2758367.520
175881 170 5945166.046
175886 304 9495885.957
175888 459 11325729.263
175906 208 9399644.562
175921 453 22046225.273
175971 97 4617906.144
175973 275 17639580.643
175974 130 7423413.419
175975 396 19935729.864
175976 132 4392852.761
175990 169 7616561.843
176023 140 6846215.224
176169 145 7755334.312
176461 161 9212042.057
176464 80 5672202.262
176466 110 7227173.215
176467 176 10668795.030
176468 217 12168212.558
176547 194 13365280.028
176548 1034 53836309.305
176697 346 23411198.382
176701 153 9559214.665
176702 962 46776315.091
176765 146 6070171.758
176771 177 8964187.016
176795 113 7877152.861
176796 114 8186229.466
176797 274 17053278.744
176799 246 12929094.798
176801 303 13297502.368
176805 113 4628625.583
176807 466 17019729.766
176841 256 13527680.118
176844 119 6243003.384
176850 310 14376980.972
176860 474 18762069.149
176868 505 16530398.380
176885 242 13282656.860
176886 722 38008768.660
176889 118 4063822.431
176928 124 8738734.096
176929 334 20214167.227
176933 445 21528737.665
176982 116 370908.456
177053 754 39482391.980
177074 776 40204006.743
177088 104 3484567.349
177095 207 10332338.829
177096 204 9915231.586
177131 151 7814683.318
177138 130 6438452.445
177139 635 37465126.898
177140 572 26221538.598
177141 646 23676350.326
177183 222 16244469.237
177184 83 2390228.145
177201 809 46185329.787
177222 356 20771518.734
177313 72 2809170.684
177317 64 4770736.129
177318 413 26795629.161
177319 389 19268897.323
177449 528 34579141.412
177452 175 9357814.107
177507 179 10684679.592
177509 206 13528303.295
177515 1245 56523947.313
177718 1652 85721378.049
177719 713 23368736.867
177730 2325 111840075.428
177776 121 4838261.903
177782 237 13980720.591
177783 387 24153509.567
177785 55 2994660.586
177786 133 6950366.425
177788 88 4396914.384
177789 101 4835155.366
177790 722 29467154.988
177791 228 7545107.314
177875 597 36205035.903
177878 859 38313583.283
178003 113 75935.566
178004 437 525674.443
178078 97 7564295.850
178098 721 47216996.234
178099 222 11409981.366
178100 1631 60747089.145
178101 81 2298675.173
178110 474 32775501.054
178116 631 34958641.128
178151 135 6445768.664
178160 554 36331473.253
178162 193 9890860.941
178198 59 3694.568
178203 77 10787.498
178208 461 50294.127
178365 1103 68398118.246
178367 751 30744421.453
178380 253 6283242.984
178420 77 3361602.747
178421 1218 70951822.632
178424 898 31964807.520
178479 1084 62415859.452
178667 110 314261.838
178703 190 13348989.603
178708 381 25362351.393
178712 417 22818479.646
178724 286 13587369.784
178731 223 9647677.493
178786 235 15138392.590
178803 552 31342448.198
178840 609 42311207.143
178854 148 9020092.610
178866 434 23481008.365
178871 1291 51441855.171
178920 308 20773505.762
178970 589 39886665.783
178985 91 4565356.117
179315 1122 507.499
179348 321 140.283
179452 1247 56100294.062
179476 232 7283888.215
179497 439 30066569.438
179547 350 25394376.952
179558 142 10248684.179
179563 1192 65743038.534
