170000 283 48682.195
170040 443 2017857.487
170044 114 428669.870
170249 541 6292570.511
170255 410 4340623.549
170286 270 3507978.626
170292 278 3649734.689
170298 198 2423533.826
170304 149 1732691.120
170348 262 5948220.723
170354 317 7080675.116
170376 74 1030240.826
170382 320 6956867.238
170397 364 6923112.303
170406 181 2900075.087
170452 119 1858303.188
170527 97 2411166.374
170722 294 5563660.084
170759 400 10508427.406
170826 331 8203488.478
170842 350 8245471.737
170854 659 12908002.188
170876 520 8385955.681
170896 212 3171559.195
170899 84 1195244.011
170901 228 2576789.545
171050 666 19103399.778
171091 147 3625459.610
171106 303 6795125.388
171117 95 1641233.798
171156 758 20708312.260
171219 169 4478083.560
171274 160 3909841.227
171282 179 6302965.105
171315 264 6834725.504
171369 184 4621462.370
171446 871 26211573.054
171484 451 13796911.150
171578 978 23423268.897
171812 447 14411142.284
171875 71 1923044.551
171880 281 7812142.073
171895 81 2070771.210
171897 550 12603460.721
171921 162 5536966.532
171926 277 9382679.257
172014 256 10498379.493
172024 161 5947604.474
172033 811 23239513.467
172163 808 27857432.108
172208 205 6986669.958
172252 67 2550486.685
172268 180 6028787.943
172286 223 7523271.187
172389 500 17407851.527
172399 245 8987051.566
172400 720 24576550.511
172401 242 4212471.454
172411 977 32676354.372
172478 214 3796365.441
172485 640 24612709.768
172488 166 5591970.655
172495 159 5043150.751
172507 91 2657799.081
172516 656 14772131.762
172619 97 1824222.575
172620 525 8871645.706
172630 176 7348755.515
172635 282 10650381.112
172778 139 2979640.840
172791 1684 54178054.197
172799 379 8900958.172
172801 1155 22710316.464
172802 819 12811109.076
172819 263 9740386.349
172822 2341 67760019.439
172824 88 1027242.702
172847 165 3998858.961
172865 391 16602461.274
172868 2090 57765382.573
172949 1311 46554467.366
172951 70 2000723.726
172952 1672 35941590.692
172992 978 37728084.914
172998 93 2986562.679
172999 304 8739213.320
173198 838 30128533.023
173236 245 10458183.121
173240 144 6374502.730
173241 765 28653188.005
173243 97 3120526.770
173244 200 3150962.740
173380 225 8316567.405
173381 313 11062247.278
173389 672 26576149.536
173406 304 12247695.010
173430 176 6616401.489
173438 72 3243538.306
173439 764 34402987.959
173657 101 2907799.590
173658 118 5073683.419
173659 327 12623299.937
173660 377 12662874.169
173661 139 4261663.373
173663 132 3824132.990
173664 314 7566750.530
173692 2801 81568717.317
175832 154 1675747.867
175834 430 4677672.138
175835 174 1614949.818
175837 190 1570774.713
175857 56 1257672.494
175860 88 1830960.824
175863 87 1683856.034
175865 70 1285015.433
175866 551 8430560.028
175872 97 2488850.986
175874 118 5153810.473
175875 177 7158049.065
175877 73 2758367.520
175881 170 5945166.046
175886 304 9495885.957
175888 459 11325729.263
175906 208 9399644.562
175921 453 22046225.273
175971 97 4617906.144
175973 275 17639580.643
175974 130 7423413.419
175975 396 19935729.864
175976 132 4392852.761
175990 169 7616561.843
176023 140 6846215.224
176169 145 7755334.312
176461 161 9212042.057
176464 80 5672202.262
176466 110 7227173.215
176467 176 10668795.030
176468 217 12168212.558
176547 194 13365280.028
176548 1034 53836309.305
176697 346 23411198.382
176701 153 9559214.665
176702 962 46776315.091
176765 146 6070171.758
176771 177 8964187.016
176795 113 7877152.861
176796 114 8186229.466
176797 274 17053278.744
176799 246 12929094.798
176801 303 13297502.368
176805 113 4628625.583
176807 466 17019729.766
176841 256 13527680.118
176844 119 6243003.384
176850 310 14376980.972
176860 474 18762069.149
176868 505 16530398.380
176885 242 13282656.860
176886 722 38008768.660
176889 118 4063822.431
176928 124 8738734.096
176929 334 20214167.227
176933 445 21528737.665
176982 116 370908.456
177053 754 39482391.980
177074 776 40204006.743
177088 104 3484567.349
177095 207 10332338.829
177096 204 9915231.586
177131 151 7814683.318
177138 130 6438452.445
177139 635 37465126.898
177140 572 26221538.598
177141 646 23676350.326
177183 222 16244469.237
177184 83 2390228.145
177201 809 46185329.787
177222 356 20771518.734
177313 72 2809170.684
177317 64 4770736.129
177318 413 26795629.161
177319 389 19268897.323
177449 528 34579141.412
177452 175 9357814.107
177507 179 10684679.592
177509 206 13528303.295
177515 1245 56523947.313
177718 1652 85721378.049
177719 713 23368736.867
177730 2325 111840075.428
177776 121 4838261.903
177782 237 13980720.591
177783 387 24153509.567
177785 55 2994660.586
177786 133 6950366.425
177788 88 4396914.384
177789 101 4835155.366
177790 722 29467154.988
177791 228 7545107.314
177875 597 36205035.903
177878 859 38313583.283
178003 113 75935.566
178004 437 525674.443
178078 97 7564295.850
178098 721 47216996.234
178099 222 11409981.366
178100 1631 60747089.145
178101 81 2298675.173
178110 474 32775501.054
178116 631 34958641.128
178151 135 6445768.664
178160 554 36331473.253
178162 193 9890860.941
178198 59 3694.568
178203 77 10787.498
178208 461 50294.127
178365 1103 68398118.246
178367 751 30744421.453
178380 253 6283242.984
178420 77 3361602.747
178421 1218 70951822.632
178424 898 31964807.520
178479 1084 62415859.452
178667 110 314261.838
178703 190 13348989.603
178708 381 25362351.393
178712 417 22818479.646
178724 286 13587369.784
178731 223 9647677.493
178786 235 15138392.590
178803 552 31342448.198
178840 609 42311207.143
178854 148 9020092.610
178866 434 23481008.365
178871 1291 51441855.171
178920 308 20773505.762
178970 589 39886665.783
178985 91 4565356.117
179315 1122 507.499
179348 321 140.283
179452 1247 56100294.062
179476 232 7283888.215
179497 439 30066569.438
179547 350 25394376.952
179558 142 10248684.179
179563 1192 65743038.534
