190688 267 4.84e+06
190702 176 7.182e+06
190703 261 1.2833e+07
190705 441 1.8275e+07
190706 146 5.343e+06
190707 360 1.1893e+07
190708 213 6.338e+06
190710 21 532430
190733 471 2.1099e+07
190736 202 8.987e+06
190738 384 1.3846e+07
190782 497 2.3029e+07
190895 955 3.9316e+07
190906 505 2.0989e+07
190945 209 5.62e+06
190949 1149 1.4122e+07
191043 79 4.061e+06
191046 258 1.6884e+07
191056 34 2.077e+06
191057 76 4.542e+06
191062 557 2.8438e+07
191086 615 3.5079e+07
191090 339 6.045e+06
191201 89 5.975e+06
191202 149 9.646e+06
191226 1705 1.0385e+08
191247 1238 7.9091e+07
191248 186 5.293e+06
191264 197 1.282e+07
