160406 123 3383.642
160410 102 2676.000
160413 854 16259.232
160431 244 7935.566
160432 78 2394.297
160442 152 2170.139
160497 397 12355.220
160499 185 357.250
160577 338 10145.915
160578 457 12294.591
160579 210 4791.926
160808 79 53522.442
160815 94 63673.254
160819 117 76400.616
160853 73 9959.727
160871 236 145447.226
160872 76 52239.607
160873 200 130244.462
160874 131 80114.004
160875 284 162071.479
160888 422 572620.291
160890 394 487874.258
160894 232 256305.149
160907 219 318772.733
160935 259 347631.805
160936 59 79292.961
160937 209 266020.510
160938 129 155200.197
160939 147 169384.901
160940 89 98632.043
160943 84 73042.860
160954 83 190624.418
160955 227 739562.308
160956 72 219466.204
160957 981 2464568.736
160998 287 734429.168
161008 284 658402.280
161016 326 684269.660
161103 111 421587.907
161119 220 626928.702
161217 787 3696303.405
161222 135 527287.577
161223 408 1462392.994
161310 126 577450.411
161311 703 3194185.631
161312 1129 3669779.739
161357 521 362.016
161366 524 21408.941
161396 242 9996.035
161430 83 0.310
161439 2671 127029.748
161445 71 2261.037
161450 280 8482.474
161454 101 1666.870
161473 191 14853.266
161474 1235 67389.937
162518 248 1045639.122
162713 630 2597006.247
162718 201 764830.053
162808 62 317129.166
162811 347 1599066.151
162822 313 1314373.630
162825 201 918487.141
162827 143 614156.695
162828 150 338070.648
162902 84 26632.929
162909 338 1844169.760
162917 133 203678.668
162924 150 844639.057
162925 318 2440840.237
162926 713 4773574.581
162929 432 1718112.879
163232 173 552098.188
163233 301 1829584.207
163234 73 417438.484
163235 473 2511357.371
163237 219 1055942.364
163252 156 1063783.214
163255 1066 7481499.346
163261 192 847660.312
163269 221 1807948.040
163270 990 7824007.855
163286 411 2206284.984
163289 398 2113526.924
163296 602 5410424.685
163297 226 1889450.358
163300 622 4674153.198
163301 197 1350763.381
163302 252 1658417.495
163308 91 302975.551
163332 812 7858118.128
163333 112 999191.612
163334 562 4662283.202
163337 475 3583791.946
163338 170 1208986.241
163339 187 1288752.324
163340 496 3120045.751
163358 118 332440.842
163369 104 1061463.907
163370 175 1697235.276
163371 374 3204946.101
163372 111 922052.839
163374 872 6426339.822
163376 252 1646144.898
163378 691 3766440.277
163385 435 3580907.128
163387 267 1966387.830
163475 305 3133503.878
163476 235 2331867.805
163478 82 768961.600
163479 186 1724281.207
163480 198 1755565.028
163481 89 760665.953
163483 66 364427.067
163583 232 3335274.190
163584 84 1156606.226
163586 102 1350422.931
163587 84 1084891.363
163588 455 5504439.256
163589 165 1859317.286
163591 95 1037590.640
163592 116 1237690.058
163630 246 1695605.031
163657 152 2270117.020
163659 717 9355304.699
163660 84 985949.448
163662 175 1981692.051
163663 250 2687721.280
163664 188 1923563.769
163665 175 1725884.593
163668 307 2160301.607
163738 347 4419719.250
163753 136 2089047.945
163754 79 1167914.379
163758 599 7857389.354
163759 525 6016897.774
163760 362 3761635.799
163761 228 2226096.985
163763 92 869898.121
163765 336 2815746.105
163796 190 3107736.517
163817 979 16234956.754
163869 136 1638056.342
165088 391 6461.866
165098 439 34365.940
165099 125 9569.015
165100 410 21100.254
165102 200 15915.095
165103 451 42808.246
165104 136 10416.342
165120 108 408680.311
165121 713 2904421.452
165205 259 2337930.284
165208 184 1675088.596
165364 1351 19320520.801
165400 87 1500652.387
165415 1427 20163660.421
165467 735 12676514.131
165472 917 12788763.601
165486 117 2236609.564
165487 158 2983292.361
165506 178 2202791.235
165514 584 12226712.058
165523 102 1279512.354
165537 304 5124498.076
165542 212 3325325.964
165548 630 9018270.117
165558 85 993659.563
165567 641 13063284.124
165570 968 16207270.129
165617 414 9433236.991
165620 87 1217279.362
165633 525 10702830.028
165970 348 7237535.000
165993 1772 33384628.382
166010 195 4068857.021
166011 96 1864475.417
166034 555 7484931.294
166049 919 22399479.422
166051 376 7985753.842
166052 294 2238935.559
166150 140 2760958.184
166161 135 3312408.119
166346 260 4866471.940
166374 201 4652138.580
166377 81 1928676.091
166379 126 2953603.810
166380 1820 34480717.325
166394 59 502743.922
166429 101 1628822.929
166438 888 18659013.343
166462 573 10384191.120
166486 189 2734995.710
166502 115 1924083.744
166512 1906 38101389.747
166514 469 7035057.081
166530 104 878563.135
166554 749 16832962.048
166563 767 14708268.980
166565 938 14439762.486
166699 918 18046531.948
166701 810 12685049.408
166763 684 13496951.485
166781 392 8873213.167
166782 581 11757396.538
166784 389 7039622.963
166787 383 5946826.863
166839 309 6621197.998
166841 1023 19930175.894
166842 187 2780653.713
166859 442 9861251.740
166864 543 10730818.747
166888 484 11241370.507
166889 241 5451080.993
166890 548 11177933.701
166894 219 4023691.936
166895 622 9998059.591
166911 112 1698175.067
166921 74 1509769.683
166922 789 18692166.387
166923 573 9400601.342
166946 211 4793213.760
166950 1450 29833038.910
166960 199 3386683.685
166966 254 4121730.722
166967 248 3315255.041
167039 247 5840170.996
167041 676 13607073.271
167043 239 3969181.622
167078 248 3654432.108
167098 473 9124103.681
167102 440 8273350.880
167103 141 1584109.023
167151 119 1561191.625
167281 600 13653775.064
167282 457 8443870.254
167284 1718 24285221.425
167551 485 11546597.121
167673 506 8083819.623
167674 355 8225904.356
167675 1069 20947525.729
167676 477 7383106.401
167740 178 3220840.673
167746 401 8955088.056
167754 108 1692274.032
167784 144 2992335.754
167786 184 4273973.136
167807 1879 41598462.083
167830 1255 19598362.248
167898 1768 38067301.811
167913 455 7396045.685
169810 87 2095.615
169985 179 32087.513
