160431 244 7.936 nb
160577 338 11.210 nb
160578 457 13.630 nb
160871 236 155.327 nb
160872 76 55.926 nb
160873 200 139.887 nb
160874 131 86.355 nb
160939 147 182.878 nb
160940 89 106.708 nb
160942 25 29.386 nb
160943 84 79.205 nb
160955 227 783.602 nb
160956 72 233.620 nb
160957 981 2.651 pb
160998 287 790.255 nb
161008 284 712.278 nb
161016 326 743.905 nb
162762 110 415.497 nb
162765 65 85.335 nb
162803 147 525.707 nb
162808 62 332.913 nb
162811 347 1.688 pb
162822 313 1.382 pb
162825 201 971.660 nb
162826 42 196.197 nb
162828 150 359.696 nb
162909 338 1.936 pb
163046 313 1.631 pb
163069 647 4.305 pb
163071 193 1.259 pb
163078 49 230.198 nb
163232 173 586.565 nb
163233 301 1.947 pb
163234 73 445.861 nb
163235 473 2.693 pb
163237 219 1.138 pb
163238 29 61.983 nb
163252 156 1.126 pb
163255 1066 8.001 pb
163261 192 913.132 nb
163270 990 8.275 pb
163286 411 2.345 pb
163289 398 2.262 pb
163296 602 5.688 pb
163297 226 2.002 pb
163300 622 4.982 pb
163301 197 1.447 pb
163302 252 1.780 pb
163332 812 8.229 pb
163333 112 1.054 pb
163334 562 4.942 pb
163337 475 3.819 pb
163338 170 1.292 pb
163339 187 1.380 pb
163340 496 3.350 pb
163358 118 350.079 nb
163369 104 1.110 pb
163370 175 1.781 pb
163371 374 3.387 pb
163372 111 977.241 nb
163374 872 6.856 pb
163375 16 113.906 nb
163376 252 1.767 pb
163378 691 4.060 pb
163385 435 3.788 pb
163387 267 2.092 pb
163402 834 7.844 pb
163475 305 3.261 pb
163476 235 2.443 pb
163478 82 808.741 nb
163479 186 1.815 pb
163480 198 1.853 pb
163481 89 804.803 nb
163482 57 507.005 nb
163483 66 386.308 nb
163582 65 1.021 pb
163583 232 3.477 pb
163584 84 1.209 pb
163585 41 579.749 nb
163586 102 1.416 pb
163587 84 1.139 pb
163588 455 5.805 pb
163589 165 1.969 pb
163596 56 271.017 nb
163630 246 1.783 pb
163655 47 751.299 nb
163657 152 2.360 pb
163658 18 271.956 nb
163659 717 9.816 pb
163660 84 1.042 pb
163661 26 318.442 nb
163662 175 2.098 pb
163663 250 2.854 pb
163664 188 2.048 pb
163668 307 2.310 pb
163738 347 4.597 pb
163757 46 685.891 nb
163758 599 8.242 pb
163759 525 6.366 pb
163760 362 4.002 pb
163761 228 2.376 pb
163763 92 929.920 nb
163765 336 3.015 pb
163795 53 1.010 pb
163796 190 3.223 pb
163817 979 16.859 pb
163869 136 1.713 pb
165088 391 7.115 nb
165098 439 38.406 nb
165099 125 10.726 nb
165102 200 17.827 nb
165103 451 47.776 nb
165120 108 432.767 nb
165121 713 3.094 pb
165205 259 2.460 pb
165208 184 1.771 pb
165364 1351 20.251 pb
165402 48 456.121 nb
165415 1427 21.188 pb
165467 735 13.307 pb
165472 917 13.591 pb
165486 117 2.318 pb
165487 158 3.100 pb
165506 178 2.321 pb
165514 584 12.587 pb
165548 630 9.583 pb
165558 85 1.060 pb
165567 641 13.550 pb
165570 968 17.046 pb
165617 414 9.717 pb
165620 87 1.263 pb
165633 525 11.059 pb
165970 348 7.418 pb
165993 1772 34.845 pb
166011 96 1.922 pb
166033 1255 31.756 pb
166034 555 7.868 pb
166049 919 23.192 pb
166149 30 868.436 nb
166150 140 2.838 pb
166161 135 3.393 pb
166163 45 1.220 pb
166164 48 878.352 nb
166346 260 5.029 pb
166374 201 4.806 pb
166380 1820 36.328 pb
166408 1250 29.507 pb
166429 101 1.683 pb
166438 888 19.523 pb
166462 573 10.875 pb
166486 189 2.867 pb
166502 115 1.994 pb
166512 1906 39.976 pb
166514 469 7.496 pb
166530 104 912.456 nb
166554 749 17.515 pb
166563 767 15.495 pb
166565 938 15.351 pb
166699 918 18.938 pb
166701 810 13.483 pb
166763 684 14.105 pb
166781 392 9.232 pb
166782 581 12.348 pb
166784 389 7.441 pb
166787 383 6.315 pb
166839 309 6.901 pb
166841 1023 20.978 pb
166842 187 2.949 pb
166859 442 10.240 pb
166860 36 840.129 nb
166861 50 1.150 pb
166864 543 11.275 pb
166888 484 11.644 pb
166889 241 5.686 pb
166890 548 11.734 pb
166894 219 4.250 pb
166895 622 10.613 pb
166911 112 1.764 pb
166922 789 19.432 pb
166923 573 9.874 pb
166946 211 4.955 pb
166950 1450 31.285 pb
166960 199 3.591 pb
166966 254 4.381 pb
166967 248 3.532 pb
167039 247 6.069 pb
167041 676 14.294 pb
167043 239 4.203 pb
167078 248 3.791 pb
167098 473 9.501 pb
167102 440 8.726 pb
167103 141 1.678 pb
167151 119 1.619 pb
167281 600 14.232 pb
167282 457 8.915 pb
167284 1718 25.953 pb
167551 485 11.984 pb
167673 506 8.422 pb
167674 355 8.617 pb
167675 1069 22.143 pb
167676 477 7.869 pb
167740 178 3.354 pb
167746 401 9.329 pb
167754 108 1.758 pb
167784 144 3.112 pb
167786 184 4.458 pb
167807 1879 43.605 pb
167830 1255 20.931 pb
167898 1768 40.077 pb
167913 455 7.898 pb
170826 331 8.546 pb
170842 350 8.666 pb
170854 659 13.692 pb
170876 520 9.041 pb
170896 212 3.402 pb
170899 84 1.284 pb
170901 228 2.774 pb
171050 666 19.771 pb
171091 147 3.801 pb
171098 32 806.802 nb
171102 34 847.708 nb
171106 303 7.161 pb
171117 95 1.735 pb
171156 758 21.517 pb
171178 1114 22.865 pb
171219 169 4.565 pb
171274 160 3.960 pb
171282 179 6.418 pb
171315 264 6.984 pb
171369 184 4.718 pb
171446 871 27.016 pb
171484 451 14.128 pb
171578 978 24.534 pb
171812 447 14.740 pb
171921 162 5.590 pb
171926 277 9.577 pb
172014 256 10.601 pb
172024 161 6.062 pb
172033 811 23.989 pb
172163 808 28.418 pb
172208 205 6.999 pb
172252 67 2.546 pb
172254 51 2.327 pb
172255 49 1.608 pb
172268 180 6.028 pb
172286 223 7.577 pb
172389 500 17.623 pb
172399 245 9.053 pb
172400 720 25.199 pb
172401 242 4.369 pb
172411 977 33.357 pb
172478 214 3.976 pb
172619 97 1.939 pb
172620 525 9.454 pb
172630 176 7.361 pb
172635 282 10.780 pb
172778 139 2.979 pb
172791 1684 55.618 pb
172798 36 933.955 nb
172799 379 9.357 pb
172801 1155 24.084 pb
172802 819 13.703 pb
172819 263 9.792 pb
172822 2341 70.187 pb
172824 88 1.086 pb
172847 165 3.987 pb
172865 391 16.628 pb
172868 2090 59.791 pb
172949 1311 47.432 pb
172951 70 2.079 pb
172952 1672 37.794 pb
172992 978 38.222 pb
172999 304 9.044 pb
173198 838 30.584 pb
173236 245 10.389 pb
173240 144 6.391 pb
173241 765 29.156 pb
173243 97 3.215 pb
173380 225 8.364 pb
173381 313 11.239 pb
173389 672 26.803 pb
173406 304 12.217 pb
173430 176 6.607 pb
173438 72 3.179 pb
173439 764 34.360 pb
173657 101 2.914 pb
173658 118 5.101 pb
173659 327 12.816 pb
173660 377 13.004 pb
173661 139 4.406 pb
173663 132 3.969 pb
173664 314 7.895 pb
173692 2801 84.133 pb
175860 88 1.604 pb
175863 87 1.498 pb
175865 70 1.156 pb
175866 551 7.791 pb
175872 97 2.413 pb
175873 37 1.673 pb
175874 118 5.057 pb
175877 73 2.759 pb
175881 170 6.001 pb
175886 304 9.704 pb
175887 149 4.397 pb
175888 459 11.787 pb
175906 208 9.136 pb
175910 38 442.923 nb
175921 453 21.432 pb
175973 275 16.931 pb
175974 130 7.235 pb
175975 396 19.715 pb
175976 132 4.397 pb
175990 169 7.250 pb
176023 140 6.488 pb
176161 36 2.414 pb
176163 102 6.546 pb
176165 94 5.835 pb
176167 13 769.250 nb
176169 145 7.533 pb
176201 664 39.680 pb
176202 270 14.038 pb
176206 107 5.130 pb
176207 245 10.251 pb
176286 496 29.518 pb
176289 82 3.865 pb
176304 617 36.520 pb
176308 307 16.523 pb
176309 1714 64.961 pb
176467 176 10.320 pb
176468 217 11.886 pb
176469 204 10.337 pb
176545 31 2.122 pb
176547 194 12.702 pb
176548 1034 52.893 pb
176697 346 21.989 pb
176701 153 9.210 pb
176702 962 46.323 pb
176765 146 5.671 pb
176771 177 8.333 pb
176795 113 7.332 pb
176796 114 7.732 pb
176797 274 16.433 pb
176799 246 12.723 pb
176801 303 13.342 pb
176805 113 4.675 pb
176807 466 17.323 pb
176841 256 13.133 pb
176844 119 6.147 pb
176848 41 2.042 pb
176850 310 14.345 pb
176860 474 19.005 pb
176868 505 16.979 pb
176885 242 12.659 pb
176886 722 37.373 pb
176889 118 4.079 pb
176928 124 8.277 pb
176929 334 19.549 pb
176933 445 21.335 pb
176959 46 1.809 pb
176982 116 364.126 nb
177053 754 38.484 pb
177074 776 39.339 pb
177088 104 3.350 pb
177095 207 10.031 pb
177096 204 9.750 pb
177131 151 7.342 pb
177138 130 6.098 pb
177139 635 36.332 pb
177140 572 26.189 pb
177141 646 24.073 pb
177183 222 15.298 pb
177184 83 2.282 pb
177201 809 44.572 pb
177222 356 19.761 pb
177317 64 4.480 pb
177318 413 25.670 pb
177319 389 18.954 pb
177449 528 32.754 pb
177452 175 9.066 pb
177718 1652 83.913 pb
177719 713 24.032 pb
177730 2325 110.089 pb
177776 121 4.501 pb
177782 237 13.126 pb
177783 387 23.262 pb
177788 88 4.353 pb
177789 101 4.809 pb
177790 722 29.758 pb
177791 228 7.732 pb
177875 597 34.664 pb
177878 859 38.275 pb
178098 721 45.123 pb
178099 222 11.260 pb
178100 1631 61.757 pb
178101 81 2.389 pb
178102 31 526.808 nb
178110 474 30.770 pb
178116 631 34.088 pb
178151 135 6.031 pb
178160 554 34.357 pb
178162 193 9.619 pb
178365 1103 65.680 pb
178367 751 31.029 pb
178380 253 6.452 pb
178420 77 3.128 pb
178421 1218 68.688 pb
178424 898 32.618 pb
178479 1084 59.643 pb
178703 190 12.430 pb
178708 381 24.215 pb
178712 417 22.349 pb
178724 286 13.524 pb
178731 223 9.694 pb
178738 282 9.921 pb
178786 235 14.106 pb
178803 552 29.438 pb
178840 609 39.889 pb
178854 148 8.733 pb
178866 434 23.064 pb
178871 1291 52.046 pb
178920 308 19.276 pb
178970 589 37.687 pb
178985 91 4.430 pb
179411 121 7.213 pb
179434 767 48.770 pb
179452 1247 56.154 pb
179476 232 7.452 pb
179497 439 28.167 pb
179547 350 23.557 pb
179558 142 9.691 pb
179563 1192 64.283 pb
179889 539 34.765 pb
179959 114 4.155 pb
179977 160 9.290 pb
180072 107 5.742 pb
180076 364 24.096 pb
180093 353 19.168 pb
180241 444 27.850 pb
180250 547 39.914 pb
180252 93 5.475 pb
