190389 241 39.661 nb
190390 20 3.508 nb
190391 39 2.286 nb
190401 90 56.617 nb
190402 17 32.523 nb
190403 39 73.515 nb
190404 28 51.901 nb
190405 98 176.845 nb
190407 12 20.983 nb
190409 21 36.368 nb
190410 20 34.357 nb
190411 349 527.762 nb
190456 184 211.968 nb
190459 58 107.184 nb
190462 16 28.692 nb
190465 130 168.914 nb
190482 422 2.259 pb
190490 163 867.401 nb
190491 61 310.729 nb
190492 52 183.732 nb
190538 127 754.519 nb
190539 357 2.194 pb
190591 233 3.210 pb
190592 37 734.097 nb
190595 343 5.797 pb
190645 116 689.826 nb
190646 151 685.433 nb
190659 185 2.758 pb
190661 374 6.104 pb
190662 20 323.222 nb
190663 121 1.746 pb
190678 648 11.440 pb
190679 83 1.147 pb
190688 267 4.840 pb
190702 176 7.182 pb
190703 261 12.833 pb
190705 441 18.275 pb
190706 146 5.343 pb
190707 360 11.893 pb
190708 213 6.338 pb
190710 21 532.430 nb
190733 471 21.099 pb
190736 202 8.987 pb
190738 384 13.846 pb
190782 497 23.029 pb
190895 955 39.316 pb
190906 505 20.989 pb
190945 209 5.620 pb
190949 1149 14.122 pb
191043 79 4.061 pb
191046 258 16.884 pb
191056 34 2.077 pb
191057 76 4.542 pb
191062 557 28.438 pb
191086 615 35.079 pb
191090 339 6.045 pb
191201 89 5.975 pb
191202 149 9.646 pb
191226 1705 103.850 pb
191247 1238 79.091 pb
191248 186 5.293 pb
191264 197 12.820 pb
