190645 113 681762.983646
190704 9 405060.722537
190705 441 17596446.3813
190738 364 13265989.3689
191043 40 2783845.75534
191046 258 16372211.1887
191056 34 1992579.57353
191057 76 4345269.25256
191062 550 26819854.2385
191090 331 5477576.94331
191201 57 4951519.49553
191202 118 9294939.54067
191226 1624 96391837.1614
191247 1238 73874496.283
191248 109 4824017.27447
191264 135 12260937.2633
191271 314 27433249.3699
191276 33 2540399.55238
191277 855 55583271.4597
191367 284 136642.143924
191411 46 2428.59149666
191695 50 5247030.21885
191718 203 21020322.9174
191720 197 15128484.5976
191721 204 11666109.3501
191726 22 1017387.31585
191810 126 14117922.1326
191830 353 40355180.0416
191833 114 11051097.4523
191834 375 32545519.2555
191837 77 6016499.35217
191856 144 9769644.31781
191859 133 8130630.91014
193093 47 110759.114145
193112 217 2199414.50211
193116 693 5088369.24939
193123 37 762074.98152
193124 59 1189111.21397
193207 136 7282198.74163
193334 164 10232592.8222
193336 951 43869148.8249
193541 548 27635372.0557
193556 119 8889857.13506
193557 85 5645241.36449
193575 713 41451966.6303
193621 1629 92883715.5417
193834 45 1277614.12197
193835 34 939806.185009
193836 18 489620.450165
193998 243 22204290.1815
193999 50 3643524.09682
194027 67 5970071.56132
194050 1855 115037833.636
194051 22 916369.423283
194052 172 6937931.92113
194075 77 7188855.54533
194076 763 56250544.9898
194108 798 63893778.0469
194115 804 62029280.2915
194117 50 3042472.36945
194119 275 15659789.984
194120 420 20046970.5222
194150 455 44072108.0477
194151 636 46545622.7175
194153 120 7075637.26525
194199 337 30035325.9983
194210 568 40378339.8044
194223 70 8601785.66227
194224 424 44910243.5515
194225 157 13323269.2867
194270 24 2026639.4876
194303 60 7026984.80122
194304 62 6907843.96122
194305 86 8765432.39431
194314 275 31798449.2862
194315 498 45380810.0316
194317 34 1543344.69837
194424 667 71465635.6199
194428 572 44078001.6781
194429 1023 57219818.8433
194439 76 9821592.02959
194455 274 34316055.6246
194464 222 23895276.0871
194479 577 50311479.0136
194480 1408 82990922.0877
194533 837 78965478.1645
194619 152 19013488.2443
194643 302 29267635.2259
194644 424 33994253.0842
194691 366 43004738.0154
194699 271 25037140.2144
194702 205 16968863.7469
194704 635 44220389.557
194711 629 35034118.2894
194712 766 34612300.6643
194735 97 11360896.9473
194778 175 21384262.268
194789 601 56957653.4623
194790 66 4978509.54535
194825 212 26897775.3622
194896 84 11450915.0153
194897 107 13011892.5399
194912 1622 159134534.668
194914 47 3055662.02306
194915 81 5016275.84305
195013 498 64317186.8185
195014 169 18031437.0971
195015 30 3034553.32114
195016 570 50258730.7454
195099 208 27258985.3627
195109 279 37835827.4017
195112 33 3920022.1734
195113 589 59952225.1283
195114 111 9554120.32476
195115 37 1790776.54528
195147 436 55790254.3652
195163 285 39215360.6343
195164 68 8441197.9971
195165 278 29953152.1942
195251 250 32188042.7863
195303 309 41266601.1788
195304 1235 111519990.4
195378 1219 115187229.261
195390 411 20865970.6034
195396 103 14535386.5175
195397 1219 121662645.321
195398 1803 93483663.1459
195399 394 13523211.228
195530 597 66714745.0316
195540 263 34340781.0129
195551 26 3667734.65739
195552 1799 159276142.916
195633 44 6664371.91969
195647 44 5741277.21515
195649 254 30283732.125
195655 503 48388853.3543
195656 488 37977684.1652
195658 398 25796432.5463
195749 142 19753213.991
195757 213 26604309.5726
195758 38 4185342.89702
195774 973 112367280.513
195775 176 14832976.1289
195776 486 35599798.6962
195841 32 2463142.62981
195868 223 29051132.1504
195915 865 98543729.6819
195916 218 18843297.0511
195917 17 1396531.741
195918 74 5961643.88149
195919 25 1969155.13791
195923 23 1790154.33431
195925 21 1617406.81771
195926 56 4245513.27862
195929 35 2586643.40874
195930 602 39080034.6719
195937 401 21477451.5077
195947 80 11446468.6667
195948 621 73336059.7636
195950 1593 114715571.286
195963 13 1380680.92752
195970 81 11327193.902
196019 58 8428971.86358
196027 190 23049218.3194
196046 46 6678768.41303
196047 93 12887812.2543
196048 52 6386875.73817
196197 517 66690697.5893
196199 548 53246213.4295
196200 74 6249521.33919
196202 115 9298505.06375
196203 135 8975729.7059
196218 785 94410910.5341
196239 1042 81628531.2353
196249 54 7947349.13851
196250 433 55413403.6361
196252 39 3885657.29297
196334 295 40118709.1906
196349 221 31545085.2476
196357 16 1799356.25371
196359 27 2981215.04619
196362 116 12289001.8985
196363 49 4973065.19552
196364 1303 99083786.4749
196437 227 19580181.7315
196438 1278 85022378.6245
196452 1022 117755770.143
196453 1659 116237971.395
196495 190 25212485.6215
196509 80 7168840.62304
196531 392 51257334.3965
198049 64 2029691.75268
198050 162 4916134.3709
198063 300 8257001.24577
198116 100 7853907.90448
198207 118 8242719.18746
198208 216 13528536.9949
198210 237 12886327.2268
198212 581 25774956.9783
198213 119 4495963.12304
198215 18 610245.48059
198230 1392 102543573.523
198249 19 940002.787682
198269 206 26728359.1754
198271 802 77019923.2018
198272 625 42281998.8983
198346 19 1059672.28106
198372 67 7795620.16837
198485 205 26116446.9716
198487 1612 130646485.178
198522 166 21023752.425
198941 199 24417499.204
198954 220 26671840.9001
198955 1561 122278591.628
198969 1224 112768788.627
199008 580 64914641.3202
199011 32 2231722.27413
199021 1448 131908417.583
199318 93 13192982.0725
199319 1008 103467261.451
199336 986 63777423.5472
199356 149 19672242.074
199409 1301 115501958.239
199428 607 65631260.2931
199429 156 13135979.164
199435 1575 133630622.579
199436 755 37974865.1912
199564 19 2518198.62263
199569 371 37461604.3244
199570 24 2162286.44783
199571 567 44739855.3605
199572 319 20811177.2994
199573 29 1763197.05624
199574 255 14636238.1104
199608 2380 175357298.196
199698 92 11201662.5582
199699 767 71710480.1972
199703 539 34388047.2135
199739 97 8976683.38726
199745 13 444236.896293
199751 67 8159750.03693
199752 329 34976425.5406
199753 73 6899866.73529
199754 1021 72394682.3626
199804 575 61590312.575
199812 739 77353173.1782
199833 1243 106316491.703
199862 92 12325079.4973
199864 492 54112160.8218
199867 331 28751207.5968
199868 26 1592849.97725
199875 287 36314262.1908
199876 385 38701646.1081
199877 873 63762403.0602
199960 425 49971690.2884
199961 292 26919735.7411
199973 32 3206488.76085
200041 1194 114359765.384
200042 662 39343773.3035
200049 199 9780920.98537
200075 537 60723485.1713
200091 1737 150592654.571
200152 86 6100814.97683
200180 73 8859563.53167
200188 358 36720570.4131
200190 881 65465535.5496
200229 635 51847879.9289
200243 91 12862172.5282
200244 628 70047910.0134
200245 457 36897616.6365
200368 122 11671312.8681
200369 693 54107456.8941
200381 197 26520016.3233
200466 170 7234021.30495
200473 1242 103257586.418
200491 392 45610849.943
200515 98 13944743.716
200532 60 2923498.00361
