76430
76431
76432
76433
76434
76435
76436
76437
76438
76439
76440
76441
76502
76503
76504
76505
76506
76507
76508
76509
76510
76511
76512
76513
76550
76551
76554
76555
76556
76557
76558
76559
76560
76561
78938
78939
78940
78941
78942
78943
78944
78945
78946
78947
78948
78949
78962
78963
78964
78965
78966
78967
78968
78969
78970
78971
78972
78973
79346
79347
79348
79349
79350
79351
79352
79353
79354
79355
79356
79357
79634
79635
79636
79637
79642
79643
79644
79645
77942
77943
77944
77945
77946
77947
77948
77949
77950
77951
77952
77953
78018
78019
78020
78021
78386
78387
78388
78389
78390
78391
78392
78393
78394
78395
78396
78397
81950
81951
81952
81953
81954
81955
81956
81957
81958
81959
81960
81961
81962
81963
81964
81965
81966
81967
81968
81969
81970
81971
81972
81973
82002
82003
82004
82005
82082
82083
82084
82085
82086
82087
82088
82089
82090
82091
82092
82093
82250
82251
82252
82253
82254
82255
82256
82257
82258
82259
82260
82261
83646
83647
83648
83649
83650
83651
83652
83653
83654
83655
83656
83657
83658
83659
83660
83661
83662
83663
83664
83665
83666
83667
83668
83669
83982
83983
83984
83985
83986
83987
83988
83989
83990
83991
83992
83993
85894
85895
85896
85897
85898
85899
85900
85901
85902
85903
85904
85905
86122
86123
86124
86125
86126
86127
86128
86129
86130
86131
86132
86133
86134
86135
86136
86137
86138
86139
86140
86141
86142
86143
86144
86145
86326
86327
86328
86329
86330
86331
86332
86333
86334
86335
86336
86337
86350
86351
86352
86353
86354
86355
86356
86357
86358
86359
86360
86361
86446
86447
86448
86449
86450
86451
86452
86453
86454
86455
86456
86457
86458
86459
86460
86461
86462
86463
86464
86465
86466
86467
86468
86469
84678
84679
84680
84681
84682
84683
84684
84685
84686
84687
84688
84689
84834
84835
84836
84837
84838
84839
84840
84841
84842
84843
84844
84845
90258
90259
90260
90261
90262
90263
90264
90265
90266
90267
90268
90738
90739
90740
90741
90742
90743
90744
90745
90746
90747
90748
90749
88874
88875
88876
88877
88878
88879
88880
88881
88882
88883
89154
89155
89156
89157
89158
89159
89160
89161
89162
89163
89164
89165
89250
89251
89252
89253
89254
89255
89256
89257
89258
89259
89260
89261
89478
89479
89480
89481
89482
89483
89484
89485
89486
89487
89488
89489
