RE+4_2_14 16 23.25 581.72
RE+4_2_19 16 23.2333 1262.05
RE+4_2_25 38 23.25 34859.8
RE+4_3_24 60 23.2833 2109.42
W0_RB2out_7F 51 18.1667 586.444
W0_RB2out_7F 52 23.0333 4312.53
W0_RB2out_7F 53 23.0333 11159.8
W0_RB2out_7F 54 23.0333 6363.82
W0_RB2out_7F 55 23.0333 11485.4
W0_RB2out_7F 56 22.3167 1037.24
W0_RB2out_7F 73 23.0333 12673.3
W0_RB2out_7F 74 23.0333 12856.4
W0_RB2out_7F 75 23.0333 9827.99
W0_RB2out_7F 76 23.0333 9457.13
W0_RB2out_7F 77 23.0333 7662.16
W0_RB2out_7F 78 23.0333 13288
W0_RB2out_7F 79 23.0333 13079.2
W0_RB2out_7F 80 23.0333 13005
W0_RB2out_7F 96 23.0333 269.915
W0_RB2out_8F 3 23.1333 954.663
W0_RB2out_8F 9 23.1333 27677.9
W0_RB2out_8F 10 23.1333 26480.6
W0_RB2out_8F 11 23.1333 26905.6
W0_RB2out_8F 12 23.1333 26990
W0_RB2out_8F 13 23.1333 27313.9
W0_RB2out_8F 14 23.1333 27003.1
W0_RB2out_8F 15 23.1333 27190.2
W0_RB2out_8F 16 23.1333 27078.4
W0_RB2out_8F 21 22.3667 115.435
W0_RB2out_8F 22 23.1333 156.422
W0_RB2out_8F 25 23.1333 29724.4
W0_RB2out_8F 26 23.1333 32327.1
W0_RB2out_8F 27 23.1333 31505.8
W0_RB2out_8F 28 23.1333 29998
W0_RB2out_8F 29 23.1333 31182.1
W0_RB2out_8F 30 23.1333 29517.1
W0_RB2out_8F 31 23.1333 29920.7
W0_RB2out_8F 32 23.1333 30614.9
W0_RB2out_8F 35 23.1333 145.102
W0_RB2out_8F 36 23.1333 209.091
W0_RB2out_8F 37 23.1333 585.902
W0_RB2out_8F 38 23.1333 984.192
W0_RB2out_8F 39 23.1333 1282.66
W0_RB2out_8F 40 23.1333 617.898
W0_RB2out_8F 41 23.1333 27153.9
W0_RB2out_8F 42 23.1333 26430.7
W0_RB2out_8F 43 23.1333 27181.6
W0_RB2out_8F 44 23.1333 24705.5
W0_RB2out_8F 45 23.1333 24236.3
W0_RB2out_8F 46 23.1333 23833.6
W0_RB2out_8F 47 23.1333 24085.4
W0_RB2out_8F 48 23.1333 25626.3
W0_RB2out_8F 53 23.1333 130.809
W0_RB2out_8F 54 19.5667 108.656
W0_RB2out_8F 55 23.1333 153.728
W0_RB2out_8F 57 23.1333 26651.7
W0_RB2out_8F 58 23.1333 27376.9
W0_RB2out_8F 59 23.1333 29033.8
W0_RB2out_8F 60 23.1333 27031.3
W0_RB2out_8F 61 23.1333 25837.5
W0_RB2out_8F 62 23.1333 25398.7
W0_RB2out_8F 63 23.1333 24954.9
W0_RB2out_8F 64 23.1333 26154.8
W0_RB2out_8F 73 23.1333 26371.6
W0_RB2out_8F 74 23.1333 25322
W0_RB2out_8F 75 23.1333 26657.4
W0_RB2out_8F 76 23.1333 24687.4
W0_RB2out_8F 77 23.1333 24910.8
W0_RB2out_8F 78 23.1333 25266.7
W0_RB2out_8F 79 23.1333 25558.4
W0_RB2out_8F 80 23.1333 25559.4
W0_RB2out_8F 89 23.1333 23434.7
W0_RB2out_8F 90 23.1333 24020.1
W0_RB2out_8F 91 23.1333 22667.8
W0_RB2out_8F 92 23.1333 22919.7
W0_RB2out_8F 93 23.1333 22832.3
W0_RB2out_8F 94 23.1333 26392.2
W0_RB2out_8F 95 23.1333 25933.9
W0_RB2out_8F 96 23.1333 25942.5
W0_RB2out_8B 8 20.2 401.594
W0_RB2out_8B 43 23.15 983.629
W0_RB2out_8B 51 21.6667 858.234
W0_RB2out_8B 52 21.2667 285.831
W0_RB2out_8B 68 18.1833 357.448
W0_RB2out_8B 69 15.2167 1457.77
W0_RB2out_8B 71 20.1 516.398
W0_RB2out_8B 84 23.15 825.044
W-1_RB2in_4F 50 16.6333 17126.4
W-1_RB2in_4F 51 23.0667 17329.5
W-1_RB2in_4F 53 19.7333 6158.95
W-1_RB2in_4F 54 16.4833 10097.7
W-1_RB2in_4F 55 16.1 12902.8
RE+4_3_35 74 21.1833 41632.4
RE+4_3_35 75 17.6833 38166
RE+4_2_36 16 23.1667 868.808
RE+4_3_04 72 23.25 23839.1
RE+4_2_27 41 23.1833 51031.8
RE+3_2_04 65 23.25 68756.6
RE+3_3_04 54 23.3 14882.7
W0_RB4_10-F 58 17.2833 9045.69
W0_RB4_10+F 67 22.9 8680.6
W0_RB4_10+F 68 22.9 8762.06
W0_RB4_10+F 69 22.9 8817.07
W0_RB4_10+F 70 22.9 8715.21
W0_RB4_10+F 71 22.9 8296.79
W0_RB4_10+F 74 22.9 8354.9
W0_RB4_10+F 75 22.9 8313.57
W0_RB4_10+F 76 22.9 17236
W0_RB4_10+F 77 22.9 8131.13
W0_RB4_10+F 78 22.9 8088.55
W0_RB4_10-B 39 17.95 13382.1
W0_RB4_10+B 5 17.0333 14498.3
W0_RB4_10+B 8 16.3333 1114.46
RE+2_3_18 15 23.5333 1126.43
RE+1_2_29 29 23.4667 37270.9
RE+1_2_29 30 23.4667 37499.8
RE+1_2_29 31 23.4667 36686.5
RE+1_2_29 32 23.4667 36695.6
W-2_RB1in_8B 27 21.6333 2310.46
