220796  -1
RE+1_2_36 0 0 0 0 4017.7 0.341434
RE+1_2_01 0 0 0 0 83167.3 7.06775
RE+1_2_02 0 0 0 0 1874.81 0.159326
RE+1_3_36 0 0 0 0 9190.66 0.513249
RE+1_3_01 0 0 0 0 8843.82 0.493879
RE+1_3_02 0 0 0 0 5461.54 0.304997
RE+2_2_02 0 0 0 0 4531.92 0.381966
RE+2_2_03 0 0 0 0 3322 0.27999
RE+2_2_04 1 0 0 0 3858.5 0.325208
RE+2_3_02 0 0 0 0 2377.99 0.120666
RE+2_3_03 0 0 0 0 2797.99 0.141978
RE+2_3_04 0 0 0 0 2501.82 0.12695
RE+1_2_03 0 2 0 0 1408.22 0.119674
RE+1_2_04 0 2 0 0 10937.2 0.929466
RE+1_2_05 0 0 0 0 4232.71 0.359705
RE+1_3_03 0 0 0 0 4290.51 0.239602
RE+1_3_04 10 0 0 0 4094.3 0.228645
RE+1_3_05 0 0 0 0 10574.1 0.590505
RE+2_2_05 0 0 0 0 4670.04 0.393607
RE+2_2_06 0 0 0 0 3321.86 0.279978
RE+2_2_07 0 0 0 0 3153.81 0.265814
RE+2_3_05 0 0 0 0 2293.6 0.116384
RE+2_3_06 0 0 0 0 29928 1.51863
RE+2_3_07 0 0 0 0 2357.81 0.119642
RE+1_2_06 8 0 0 0 7912.65 0.672435
RE+1_2_07 0 0 0 0 1449.2 0.123157
RE+1_2_08 0 3 2 0 450.544 0.0382883
RE+1_3_06 0 0 0 0 3720.7 0.207781
RE+1_3_07 0 0 0 0 4091.02 0.228461
RE+1_3_08 0 0 0 0 3703.36 0.206813
RE+2_2_08 0 0 0 0 3130.89 0.263882
RE+2_2_09 94 0 0 0 6.59781 0.000556086
RE+2_2_10 92 0 0 0 13.1636 0.00110947
RE+2_3_08 2 0 0 0 5132.7 0.260448
RE+2_3_09 93 0 0 0 11.7762 0.000597561
RE+2_3_10 94 0 0 0 8.37455 0.000424949
RE+1_2_27 0 0 0 0 6850.63 0.582182
RE+1_2_28 0 0 0 0 2325.15 0.197596
RE+1_2_29 32 2 1 4 1.51151e+07 1284.52
RE+1_3_27 0 0 0 0 2314.29 0.129241
RE+1_3_28 1 0 0 0 1687.08 0.0942141
RE+1_3_29 0 7 5 0 2020.65 0.112842
RE+2_2_29 0 0 0 0 3229.89 0.272226
RE+2_2_30 0 0 0 0 3627.9 0.305772
RE+2_2_31 0 0 0 0 2430.81 0.204877
RE+2_3_29 1 0 0 0 1936.63 0.0982702
RE+2_3_30 0 0 0 0 1869.76 0.0948771
RE+2_3_31 0 0 0 0 1559.01 0.0791085
RE+1_2_30 0 4 2 0 574.225 0.048799
RE+1_2_31 1 0 0 0 3848.02 0.327014
RE+1_2_32 0 0 0 0 658.188 0.0559343
RE+1_3_30 0 0 0 0 1986.44 0.110932
RE+1_3_31 0 0 0 0 1321.25 0.0737846
RE+1_3_32 0 0 0 0 4166.24 0.232662
RE+2_2_32 0 0 0 0 4121.26 0.347354
RE+2_2_33 0 0 0 0 2417.37 0.203744
RE+2_2_34 0 0 0 0 2948.22 0.248486
RE+2_3_32 0 0 0 0 2409.66 0.122273
RE+2_3_33 0 0 0 0 1227.35 0.0622795
RE+2_3_34 0 0 0 0 3069.04 0.155732
RE+1_2_33 0 0 0 0 4646.73 0.39489
RE+1_2_34 2 2 1 0 8538.53 0.725624
RE+1_2_35 0 0 0 0 917.426 0.077965
RE+1_3_33 1 0 0 0 1366.17 0.0762931
RE+1_3_34 0 0 0 0 1470.35 0.0821112
RE+1_3_35 0 0 0 0 3295.68 0.184046
RE+2_2_35 0 0 0 0 3986.08 0.33596
RE+2_2_36 0 0 0 0 2748.02 0.231612
RE+2_2_01 1 0 0 0 20309.5 1.71175
RE+2_3_35 0 0 0 0 2273.72 0.115375
RE+2_3_36 0 0 0 0 1975.34 0.100234
RE+2_3_01 1 0 0 0 1564.56 0.0793906
