220796  -1
RE+4_2_33 0 0 0 0 769.151 0.0648267
RE+4_2_34 0 0 0 0 308816 26.0281
RE+4_2_35 0 0 0 0 16936.7 1.42748
RE+4_3_33 0 0 0 0 303785 15.4149
RE+4_3_34 0 0 0 0 766.924 0.0389159
RE+4_3_35 0 0 0 2 1.31222e+07 665.86
RE+4_2_36 0 0 0 1 1.431e+06 120.609
RE+4_2_01 0 0 0 0 78470.7 6.61379
RE+4_2_02 0 0 0 0 2766.21 0.233146
RE+4_3_36 0 0 0 0 817585 41.4866
RE+4_3_01 0 0 0 0 1207.18 0.0612559
RE+4_3_02 10 0 0 0 22606.8 1.14714
RE+4_2_03 0 0 0 0 120256 10.1356
RE+4_2_04 96 0 0 0 0.054293 4.576e-06
RE+4_2_05 0 0 0 0 2228.46 0.187822
RE+4_3_03 0 0 0 0 1491.97 0.0757071
RE+4_3_04 95 0 0 1 3.36173e+06 170.584
RE+4_3_05 0 0 0 0 860.598 0.0436692
RE+4_2_06 0 0 0 0 5869.26 0.494682
RE+4_2_07 0 0 0 0 1.37583e+06 115.96
RE+4_2_08 0 0 0 0 2852.13 0.240387
RE+4_3_06 0 0 0 0 612.519 0.031081
RE+4_3_07 1 0 0 0 1455.03 0.0738323
RE+4_3_08 0 0 0 0 1.12685e+06 57.1796
RE+4_2_27 95 0 0 1 5.71788e+06 481.923
RE+4_2_28 0 0 0 0 5.3382e+06 449.922
RE+4_2_29 0 0 0 0 594.918 0.0501418
RE+4_3_27 96 0 0 0 0 0
RE+4_3_28 0 0 0 0 437.183 0.0221839
RE+4_3_29 0 0 0 0 6358.19 0.322633
RE+4_2_30 0 0 0 0 178627 15.0553
RE+4_2_31 0 0 0 0 565.042 0.0476237
RE+4_2_32 0 0 0 0 957.944 0.0807389
RE+4_3_30 0 0 0 0 1.38724e+06 70.3924
RE+4_3_31 1 0 0 0 458.975 0.0232897
RE+4_3_32 0 0 0 0 560.81 0.0284571
RE+3_2_03 0 0 0 0 62567.7 5.27342
RE+3_2_04 95 0 0 1 4.90333e+06 413.27
RE+3_2_05 0 0 0 0 10713.6 0.90298
RE+3_3_03 0 0 0 0 13563.4 0.688247
RE+3_3_04 93 0 0 1 1.83967e+06 93.3499
RE+3_3_05 0 1 1 0 11497.4 0.58341
RE+3_2_06 0 0 0 0 5288.27 0.445714
RE+3_2_07 0 0 0 0 5548.33 0.467633
RE+3_2_08 0 10 7 0 7288.36 0.614288
RE+3_3_06 0 1 1 0 2654.51 0.134697
RE+3_3_07 0 0 0 0 16395.8 0.831968
RE+3_3_08 0 0 0 0 12465.5 0.632535
RE+3_2_33 0 0 0 0 17243 1.4533
RE+3_2_34 0 0 0 0 5276.73 0.444742
RE+3_2_35 0 0 0 0 12899.4 1.0872
RE+3_3_33 0 0 0 0 12878.6 0.653495
RE+3_3_34 0 0 0 0 6007.2 0.304823
RE+3_3_35 0 0 0 0 6748.13 0.34242
RE+3_2_36 0 0 0 0 3246.38 0.273616
RE+3_2_01 0 0 0 0 9373.51 0.790032
RE+3_2_02 0 0 0 0 9156.56 0.771747
RE+3_3_36 0 0 0 0 5535.02 0.280863
RE+3_3_01 0 0 0 0 11200.9 0.568368
RE+3_3_02 0 0 0 0 6936.21 0.351964
RE+3_2_27 0 0 0 0 6053.86 0.510241
RE+3_2_28 0 0 0 0 6157.2 0.51895
RE+3_2_29 0 0 0 0 3268.42 0.275474
RE+3_3_27 0 0 0 0 8963.72 0.454845
RE+3_3_28 0 0 0 0 7781.7 0.394866
RE+3_3_29 1 0 0 0 7959.32 0.403879
RE+3_2_30 0 0 0 0 3725.71 0.314016
RE+3_2_31 0 0 0 0 24180.9 2.03805
RE+3_2_32 0 0 0 0 10181.8 0.858155
RE+3_3_30 0 0 0 0 4823.88 0.244778
RE+3_3_31 0 0 0 0 13392.1 0.679554
RE+3_3_32 0 0 0 0 8495.23 0.431073
