220796  -1
RE+1_2_09 0 2 0 0 479.792 0.0407738
RE+1_2_10 0 2 0 0 4127.56 0.35077
RE+1_2_11 92 0 0 0 4.8216 0.000409751
RE+1_3_09 0 0 0 0 2937.36 0.164036
RE+1_3_10 2 0 0 0 868.978 0.0485277
RE+1_3_11 0 0 0 0 3488.29 0.194802
RE+2_2_11 92 0 0 0 9.40167 0.000792406
RE+2_2_12 0 0 0 0 2585.85 0.217945
RE+2_2_13 0 0 0 0 2597.7 0.218944
RE+2_3_11 96 0 0 0 4.85057 0.000246132
RE+2_3_12 0 0 0 0 1601.38 0.0812588
RE+2_3_13 0 0 0 0 4186.53 0.212437
RE+1_2_12 0 0 0 0 3611.97 0.306954
RE+1_2_13 0 0 0 0 1010.81 0.0859013
RE+1_2_14 1 0 0 0 4929.68 0.418936
RE+1_3_12 0 0 0 0 3372.58 0.18834
RE+1_3_13 0 0 0 0 4538.22 0.253435
RE+1_3_14 0 0 0 0 1355.8 0.0757139
RE+2_2_14 0 0 0 0 5434.76 0.45806
RE+2_2_15 0 0 0 0 3685.5 0.310627
RE+2_2_16 0 0 0 0 3700.38 0.311881
RE+2_3_14 0 0 0 0 5101.23 0.258851
RE+2_3_15 0 0 0 0 3005.91 0.152529
RE+2_3_16 0 0 0 0 2461.52 0.124905
RE+1_2_15 0 0 0 0 3302.43 0.280649
RE+1_2_16 1 0 0 0 22228.8 1.88906
RE+1_2_17 0 0 0 0 8767.02 0.745042
RE+1_3_15 0 0 0 0 2400.88 0.134076
RE+1_3_16 0 0 0 0 1575.36 0.0879754
RE+1_3_17 0 0 0 0 4265.52 0.238206
RE+2_2_17 0 0 0 0 5254.86 0.442898
RE+2_2_18 0 0 0 0 7912.63 0.666904
RE+2_2_19 0 0 0 0 3503.81 0.295313
RE+2_3_17 0 0 0 0 4143.29 0.210243
RE+2_3_18 1 0 0 1 205318 10.4184
RE+2_3_19 0 0 0 0 5226.39 0.265202
RE+1_2_18 1 2 1 0 1038.51 0.088255
RE+1_2_19 0 0 0 0 3431.93 0.291653
RE+1_2_20 0 0 0 0 1039.81 0.0883655
RE+1_3_18 0 0 0 0 5149.65 0.28758
RE+1_3_19 87 0 0 0 18.1158 0.00101167
RE+1_3_20 95 0 0 0 2.77614 0.000155032
RE+2_2_20 0 0 0 0 6027.08 0.507984
RE+2_2_21 0 0 0 0 3029.05 0.255299
RE+2_2_22 0 0 0 0 257339 21.6894
RE+2_3_20 0 0 0 0 7911.77 0.401466
RE+2_3_21 0 0 0 0 2065.78 0.104824
RE+2_3_22 0 0 0 0 2316.24 0.117533
RE+1_2_21 0 0 0 0 4625.35 0.393073
RE+1_2_22 0 0 0 0 3774.8 0.320791
RE+1_2_23 0 0 0 0 9053.2 0.769362
RE+1_3_21 0 0 0 0 4129.48 0.230609
RE+1_3_22 0 0 0 0 4525.68 0.252735
RE+1_3_23 0 0 0 0 5106.29 0.285158
RE+2_2_23 0 0 0 0 1825.41 0.153852
RE+2_2_24 0 0 0 0 4068.21 0.342883
RE+2_2_25 0 0 0 0 2691.73 0.226868
RE+2_3_23 0 0 0 0 1857.92 0.094276
RE+2_3_24 0 0 0 0 2018.7 0.102435
RE+2_3_25 0 0 0 0 1382.04 0.0701288
RE+1_2_24 0 0 0 0 1353.99 0.115065
RE+1_2_25 11 0 0 0 5449.96 0.463151
RE+1_2_26 0 0 0 0 992.915 0.0843802
RE+1_3_24 0 0 0 0 3337.01 0.186354
RE+1_3_25 96 0 0 0 2.8845 0.000161083
RE+1_3_26 1 0 0 0 2944.47 0.164433
RE+2_2_26 0 0 0 0 2729.34 0.230038
RE+2_2_27 0 0 0 0 2523.87 0.21272
RE+2_2_28 0 0 0 0 2521.17 0.212493
RE+2_3_26 0 0 0 0 4750.76 0.241067
RE+2_3_27 0 0 0 0 1172.18 0.05948
RE+2_3_28 0 0 0 0 2261.66 0.114763
