220796  -1
RE+4_2_09 0 0 0 0 1588.09 0.13385
RE+4_2_10 0 0 0 0 8614.22 0.726036
RE+4_2_11 0 0 0 0 66595.2 5.61287
RE+4_3_09 0 0 0 0 13289 0.674321
RE+4_3_10 0 0 0 0 198834 10.0894
RE+4_3_11 2 0 0 0 937.797 0.0475865
RE+4_2_12 0 0 0 0 98442.2 8.29705
RE+4_2_13 0 0 0 0 2208.05 0.186102
RE+4_2_14 0 0 0 1 77617.9 6.54191
RE+4_3_12 0 0 0 0 690.434 0.0350346
RE+4_3_13 0 0 0 0 10423.5 0.528919
RE+4_3_14 4 0 0 0 272654 13.8353
RE+4_2_15 0 0 0 0 1.50281e+06 126.662
RE+4_2_16 0 0 0 0 4537.54 0.382439
RE+4_2_17 0 0 0 0 10314.7 0.869363
RE+4_3_15 0 0 0 0 689.766 0.0350007
RE+4_3_16 0 0 0 0 3323.27 0.168633
RE+4_3_17 0 0 0 0 632.37 0.0320883
RE+4_2_18 0 0 0 0 857.777 0.0722965
RE+4_2_19 0 0 0 1 172164 14.5106
RE+4_2_20 0 0 0 0 2773.12 0.233728
RE+4_3_18 0 0 0 0 569.88 0.0289174
RE+4_3_19 0 0 0 0 877492 44.5265
RE+4_3_20 0 0 0 0 -nan -nan
RE+4_2_21 0 0 0 0 1574.02 0.132664
RE+4_2_22 96 0 0 0 0 0
RE+4_2_23 96 0 0 0 0 0
RE+4_3_21 0 0 0 0 852.453 0.0432559
RE+4_3_22 96 0 0 0 0.158573 8.04644e-06
RE+4_3_23 96 0 0 0 0 0
RE+4_2_24 96 0 0 0 0 0
RE+4_2_25 95 0 0 1 3.99609e+06 336.804
RE+4_2_26 96 0 0 0 0 0
RE+4_3_24 93 0 0 1 497535 25.2463
RE+4_3_25 95 0 0 0 36.4759 0.00185089
RE+4_3_26 96 0 0 0 0.00801282 4.06594e-07
RE+3_2_09 0 0 0 0 5078.41 0.428026
RE+3_2_10 0 0 0 0 9586.54 0.807987
RE+3_2_11 0 0 0 0 11862.8 0.999836
RE+3_3_09 0 0 0 0 18556.2 0.941595
RE+3_3_10 0 0 0 0 8803.68 0.446724
RE+3_3_11 0 0 0 0 46842.2 2.37691
RE+3_2_12 0 1 0 0 3250.63 0.273974
RE+3_2_13 0 0 0 0 5600.89 0.472062
RE+3_2_14 0 0 0 0 7479.51 0.630399
RE+3_3_12 0 0 0 0 13526 0.68635
RE+3_3_13 0 0 0 0 8057.5 0.408861
RE+3_3_14 0 0 0 0 5992.36 0.30407
RE+3_2_15 0 0 0 0 6015.16 0.506978
RE+3_2_16 0 0 0 0 7723.8 0.650989
RE+3_2_17 0 0 0 0 4723.13 0.398082
RE+3_3_15 0 0 0 0 5122.58 0.259934
RE+3_3_16 1 0 0 0 6708.88 0.340428
RE+3_3_17 0 0 0 0 10015.6 0.508223
RE+3_2_18 1 2 2 0 4444.54 0.374601
RE+3_2_19 0 0 0 0 4249.09 0.358129
RE+3_2_20 0 0 0 0 10880.8 0.917071
RE+3_3_18 0 0 0 0 3671.72 0.186314
RE+3_3_19 0 0 0 0 5357.66 0.271863
RE+3_3_20 0 0 0 0 10709.6 0.543438
RE+3_2_21 0 0 0 0 7312.15 0.616294
RE+3_2_22 0 0 0 0 6076.58 0.512155
RE+3_2_23 0 0 0 0 13129.8 1.10662
RE+3_3_21 0 0 0 0 8167.16 0.414425
RE+3_3_22 0 0 0 0 7599.08 0.385599
RE+3_3_23 0 0 0 0 6163.28 0.312743
RE+3_2_24 0 0 0 0 3135.55 0.264275
RE+3_2_25 0 0 0 0 7845.07 0.66121
RE+3_2_26 0 0 0 0 13594 1.14575
RE+3_3_24 0 0 0 0 2237.63 0.113544
RE+3_3_25 0 0 0 0 6853.89 0.347786
RE+3_3_26 0 0 0 0 7310.06 0.370934
