220796  -1
W-1_RB4_1+F 0 0 0 0 2982.79 0.120324
W-1_RB3_1F 1 0 0 0 1542.12 0.0832249
W-1_RB4_1+B 0 2 0 0 1578.9 0.0682141
W-1_RB3_1B 0 0 0 0 2189.18 0.126534
W-1_RB2in_1F 0 0 0 0 958.951 0.0453842
W-1_RB2in_1C 0 0 0 0 792.726 0.0402579
W-1_RB2in_1B 1 0 0 0 392.934 0.0206035
W-1_RB2out_1F 0 0 0 0 1026.88 0.0330721
W-1_RB1out_1F 0 0 0 0 557.274 0.0216071
W-1_RB1in_1F 2 0 0 0 1691.76 0.0655945
W-1_RB2out_1B 0 4 0 0 652.935 0.0225218
W-1_RB1out_1B 1 0 0 0 310.534 0.0128952
W-1_RB1in_1B 3 0 0 0 377.864 0.0156911
W-1_RB4_2+F 2 0 0 0 4057.36 0.163672
W-1_RB3_2F 0 0 0 0 1498.01 0.0808441
W-1_RB4_2+B 0 0 0 0 2121.74 0.0916667
W-1_RB3_2B 0 0 0 0 1359.21 0.0785618
W-1_RB2in_2F 88 0 0 0 41.5632 0.00196706
W-1_RB2in_2C 88 0 0 0 29.1911 0.00148245
W-1_RB2in_2B 88 0 0 0 132.455 0.0069453
W-1_RB2out_2F 2 0 0 0 1567.55 0.0504854
W-1_RB1out_2F 0 0 0 0 5277.69 0.204632
W-1_RB1in_2F 0 0 0 0 1832.73 0.0710603
W-1_RB2out_2B 0 2 1 0 551.89 0.0190365
W-1_RB1out_2B 0 1 1 0 2565.02 0.106515
W-1_RB1in_2B 1 0 0 0 1152.19 0.0478457
W-1_RB4_3+F 0 0 0 0 1674.12 0.0799921
W-1_RB3_3F 0 0 0 0 1030.86 0.0658969
W-1_RB4_3+B 0 0 0 0 2545.4 0.131987
W-1_RB3_3B 1 0 0 0 941.886 0.0653398
W-1_RB2in_3F 0 0 0 0 1191.81 0.073146
W-1_RB2in_3C 0 0 0 0 1043.72 0.0530045
W-1_RB2in_3B 0 0 0 0 971.578 0.0682518
W-1_RB2out_3F 0 0 0 0 941.753 0.0359261
W-1_RB1out_3F 2 0 0 0 1078.01 0.0495087
W-1_RB1in_3F 1 0 0 0 637.312 0.0292691
W-1_RB2out_3B 0 4 0 0 597.289 0.0247271
W-1_RB1out_3B 2 0 0 0 501.564 0.0249977
W-1_RB1in_3B 3 0 0 0 501.95 0.0250169
W-1_RB4_10+F 0 0 0 0 3146.8 0.101347
W-1_RB4_10-F 0 1 0 0 1404.5 0.0452341
W-1_RB3_10F 0 0 0 0 2181.24 0.117716
W-1_RB4_10+B 2 0 0 0 1952.59 0.0673513
W-1_RB4_10-B 4 0 0 0 1554.69 0.0536261
W-1_RB3_10B 1 0 0 0 2300.05 0.132942
W-1_RB2in_10F 0 0 0 0 540.642 0.0255869
W-1_RB2in_10C 0 0 0 0 352.223 0.0178873
W-1_RB2in_10B 0 15 15 0 286.744 0.0150355
W-1_RB2out_10F 0 0 0 0 1897.07 0.0610981
W-1_RB1out_10F 0 0 0 0 1871.38 0.0725587
W-1_RB1in_10F 0 0 0 0 1116.94 0.0433068
W-1_RB2out_10B 0 0 0 0 1474.5 0.0508604
W-1_RB1out_10B 0 0 0 0 3166.66 0.131498
W-1_RB1in_10B 0 0 0 0 552.25 0.0229327
W-1_RB4_11F 0 0 0 0 744.117 0.0300173
W-1_RB3_11F 1 0 0 0 887.951 0.0479207
W-1_RB4_11B 0 0 0 0 870.814 0.0376223
W-1_RB3_11B 7 0 0 0 664.224 0.0383918
W-1_RB2in_11F 0 0 0 0 750.459 0.035517
W-1_RB2in_11C 0 0 0 0 2321.2 0.11788
W-1_RB2in_11B 0 4 4 0 414.565 0.0217377
W-1_RB2out_11F 0 0 0 0 1187.43 0.0382431
W-1_RB1out_11F 0 0 0 0 1.68137e+06 65.1917
W-1_RB1in_11F 0 0 0 0 748.109 0.0290064
W-1_RB2out_11B 0 0 0 0 1314.68 0.0453474
W-1_RB1out_11B 1 1 1 0 1.13322e+07 470.58
W-1_RB1in_11B 0 0 0 0 969.436 0.0402566
W-1_RB4_12+F 0 0 0 0 42904.6 1.73075
W-1_RB3_12F 0 0 0 0 1364.18 0.0736217
W-1_RB4_12+B 0 0 0 0 55886.2 2.41449
W-1_RB3_12B 0 1 1 0 2007.21 0.116016
W-1_RB2in_12F 0 0 0 0 2495.48 0.118103
W-1_RB2in_12C 0 0 0 0 2954.14 0.150023
W-1_RB2in_12B 1 0 0 0 3245.17 0.170161
W-1_RB2out_12F 0 0 0 0 5084.52 0.163755
W-1_RB1out_12F 7 0 0 0 345.49 0.0133957
W-1_RB1in_12F 0 0 0 0 1532.02 0.0594009
W-1_RB2out_12B 0 0 0 0 6428.46 0.221738
W-1_RB1out_12B 0 0 0 0 557.29 0.0231419
W-1_RB1in_12B 0 0 0 0 1012.39 0.0420402
