220796  -1
W-2_RB4_1+F 0 0 0 0 1604.96 0.0647432
W-2_RB3_1F 0 0 0 0 1126.14 0.0607752
W-2_RB4_1+B 3 4 0 0 2647.79 0.114394
W-2_RB3_1B 2 0 0 0 1641.9 0.0949007
W-2_RB2out_1F 1 0 0 0 898.422 0.0425196
W-2_RB2out_1C 0 0 0 0 973.68 0.0494475
W-2_RB2out_1B 2 0 0 0 538.848 0.0282545
W-2_RB2in_1F 0 0 0 0 1747.61 0.0562844
W-2_RB1out_1F 0 0 0 0 552.528 0.0214231
W-2_RB1in_1F 1 0 0 0 370.801 0.014377
W-2_RB2in_1B 0 0 0 0 1139.72 0.0393126
W-2_RB1out_1B 12 0 0 0 184.396 0.00765718
W-2_RB1in_1B 1 0 0 0 356.97 0.0148235
W-2_RB4_2+F 1 0 0 0 12122.2 0.489004
W-2_RB3_2F 0 0 0 0 1679.54 0.0906412
W-2_RB4_2+B 5 0 0 0 5610.39 0.242389
W-2_RB3_2B 3 0 0 0 1132.89 0.0654802
W-2_RB2out_2F 0 0 0 0 1511.96 0.0715563
W-2_RB2out_2C 0 4 4 0 1100.26 0.0558759
W-2_RB2out_2B 0 1 1 0 1337.77 0.0701459
W-2_RB2in_2F 8 32 21 0 217.082 0.00699146
W-2_RB1out_2F 1 0 0 0 2259.65 0.0876133
W-2_RB1in_2F 1 0 0 0 602.16 0.0233475
W-2_RB2in_2B 0 4 4 0 339.71 0.0117177
W-2_RB1out_2B 1 0 0 0 1006.42 0.0417924
W-2_RB1in_2B 6 0 0 0 260.698 0.0108257
W-2_RB4_3+F 0 0 0 0 3742.19 0.150958
W-2_RB3_3F 1 0 0 0 1862.16 0.100496
W-2_RB4_3+B 0 0 0 0 3849.87 0.166328
W-2_RB3_3B 1 0 0 0 885.557 0.0511847
W-2_RB2out_3F 1 0 0 0 959.584 0.0454142
W-2_RB2out_3C 0 0 0 0 1679.64 0.0852991
W-2_RB2out_3B 0 0 0 0 925.91 0.0485502
W-2_RB2in_3F 0 0 0 0 4826.54 0.155446
W-2_RB1out_3F 1 0 0 0 879.899 0.0341162
W-2_RB1in_3F 0 0 0 0 2535.79 0.0983198
W-2_RB2in_3B 0 0 0 0 2925.29 0.100903
W-2_RB1out_3B 0 0 0 0 597.972 0.0248313
W-2_RB1in_3B 0 0 0 0 1933.81 0.0803031
W-2_RB4_10+F 0 0 0 0 734.237 0.0236472
W-2_RB4_10-F 0 0 0 0 1560.23 0.0502496
W-2_RB3_10F 0 0 0 0 1529.22 0.0825283
W-2_RB4_10+B 0 0 0 0 527.45 0.0181935
W-2_RB4_10-B 0 0 0 0 2519.98 0.0869224
W-2_RB3_10B 0 0 0 0 1243.54 0.0718758
W-2_RB2out_10F 0 0 0 0 4049.98 0.191673
W-2_RB2out_10C 0 2 2 0 3467.95 0.176117
W-2_RB2out_10B 0 0 0 0 2586.09 0.135602
W-2_RB2in_10F 0 0 0 0 812.548 0.0261694
W-2_RB1out_10F 0 0 0 0 1181.01 0.0457913
W-2_RB1in_10F 0 4 0 0 490.238 0.019008
W-2_RB2in_10B 0 0 0 0 600.535 0.0207144
W-2_RB1out_10B 0 4 0 0 721.043 0.0299419
W-2_RB1in_10B 0 0 0 0 609.871 0.0253254
W-2_RB4_11F 0 0 0 0 1105.64 0.0446011
W-2_RB3_11F 1 0 0 0 70606.5 3.81047
W-2_RB4_11B 1 0 0 0 327.437 0.0141465
W-2_RB3_11B 1 0 0 0 15590.6 0.901126
W-2_RB2out_11F 1 0 0 0 813.846 0.0385169
W-2_RB2out_11C 0 0 0 0 2943.71 0.149494
W-2_RB2out_11B 0 0 0 0 3211.72 0.168407
W-2_RB2in_11F 1 0 0 0 1574.99 0.0507249
W-2_RB1out_11F 0 0 0 0 1429.36 0.0554205
W-2_RB1in_11F 0 0 0 0 1537.53 0.0596146
W-2_RB2in_11B 1 0 0 0 2163.35 0.0746211
W-2_RB1out_11B 5 0 0 0 1076.11 0.0446865
W-2_RB1in_11B 10 0 0 0 1.2668e+06 52.6048
W-2_RB4_12+F 0 0 0 0 2570.92 0.103709
W-2_RB3_12F 1 0 0 0 1226.41 0.0661865
W-2_RB4_12+B 0 0 0 0 2095.45 0.090531
W-2_RB3_12B 0 2 0 0 1326.3 0.0766592
W-2_RB2out_12F 0 0 0 0 1302.18 0.0616283
W-2_RB2out_12C 0 0 0 0 1279.36 0.0649714
W-2_RB2out_12B 0 0 0 0 1485.25 0.0778791
W-2_RB2in_12F 0 0 0 0 5180.14 0.166835
W-2_RB1out_12F 2 82 82 0 0 0
W-2_RB1in_12F 0 0 0 0 4804.82 0.186297
W-2_RB2in_12B 0 0 0 0 7469.15 0.257635
W-2_RB1out_12B 1 83 83 0 0 0
W-2_RB1in_12B 0 0 0 0 5669.67 0.235438
