220796  -1
W0_RB4_4+F 1 0 0 0 1790.17 0.0966111
W0_RB4_4-F 0 0 0 0 3537.14 0.190891
W0_RB3_4F 1 0 0 0 4133.02 0.223049
W0_RB4_4+B 0 0 0 0 1993.15 0.115203
W0_RB4_4-B 0 0 0 0 3189.19 0.184334
W0_RB3_4B 0 0 0 0 4519.92 0.261249
W0_RB2in_4F 0 0 0 0 2623.55 0.124165
W0_RB2in_4C 0 0 0 0 3634.06 0.184553
W0_RB2in_4B 0 0 0 0 4682.85 0.245546
W0_RB2out_4F 0 0 0 0 1081.51 0.0348315
W0_RB1out_4F 0 1 0 0 1136.58 0.0440686
W0_RB1in_4F 0 0 0 0 959.236 0.0371924
W0_RB2out_4B 3 0 0 0 584.699 0.0201681
W0_RB1out_4B 0 1 0 0 990.477 0.0411304
W0_RB1in_4B 0 0 0 0 821.088 0.0340963
W0_RB4_5+F 0 0 0 0 4141.89 0.167082
W0_RB3_5F 0 0 0 0 2605.36 0.140605
W0_RB4_5+B 2 0 0 0 5532.82 0.239038
W0_RB3_5B 0 0 0 0 1697.59 0.0981201
W0_RB2in_5F 0 0 0 0 2495.17 0.118089
W0_RB2in_5C 0 0 0 0 1835.08 0.0931927
W0_RB2in_5B 0 0 0 0 1721.44 0.0902637
W0_RB2out_5F 0 0 0 0 2636.86 0.0849241
W0_RB1out_5F 1 0 0 0 1357.52 0.0526352
W0_RB1in_5F 0 0 0 0 3115.94 0.120814
W0_RB2out_5B 0 0 0 0 2472.04 0.0852687
W0_RB1out_5B 2 0 0 0 1641.97 0.0681842
W0_RB1in_5B 1 0 0 0 903.902 0.0375353
W0_RB4_6+F 0 0 0 0 2899.68 0.116972
W0_RB3_6F 1 0 0 0 1027.68 0.0554617
W0_RB4_6+B 0 0 0 0 2718.65 0.117456
W0_RB3_6B 1 0 0 0 1287.71 0.074429
W0_RB2in_6F 2 0 0 0 1080.18 0.0511216
W0_RB2in_6C 0 0 0 0 1893.43 0.0961562
W0_RB2in_6B 0 0 0 0 1816.48 0.0952471
W0_RB2out_6F 1 0 0 0 9942.78 0.320222
W0_RB1out_6F 1 0 0 0 3550.65 0.137669
W0_RB1in_6F 1 0 0 0 1237.11 0.0479662
W0_RB2out_6B 1 0 0 0 7121.03 0.245627
W0_RB1out_6B 1 0 0 0 751.638 0.0312124
W0_RB1in_6B 0 0 0 0 593.035 0.0246263
W0_RB4_7+F 0 16 16 0 1747.85 0.0705073
W0_RB3_7F 0 1 1 0 3278.64 0.17694
W0_RB4_7+B 0 0 0 0 1597.05 0.0689985
W0_RB3_7B 1 0 0 0 1246.59 0.0720523
W0_RB2in_7F 0 0 0 0 11014.7 0.521292
W0_RB2in_7C 0 0 0 0 1305.51 0.0662992
W0_RB2in_7B 0 0 0 0 427.449 0.0224134
W0_RB2out_7F 1 0 0 15 2.67958e+07 862.999
W0_RB1out_7F 3 0 0 0 677.016 0.0262499
W0_RB1in_7F 3 0 0 0 307.304 0.0119151
W0_RB2out_7B 3 0 0 0 997.652 0.0344122
W0_RB1out_7B 0 0 0 0 339.895 0.0141144
W0_RB1in_7B 7 0 0 0 255.91 0.0106269
W0_RB4_8+F 0 0 0 0 3122.13 0.168494
W0_RB3_8F 1 0 0 0 2884.05 0.155646
W0_RB4_8+B 0 5 0 0 1784.29 0.103131
W0_RB3_8B 0 0 0 0 3736.05 0.215941
W0_RB2in_8F 0 0 0 0 2465.38 0.116679
W0_RB2in_8C 0 0 0 0 2460.77 0.124968
W0_RB2in_8B 0 0 0 0 1585.23 0.0831217
W0_RB2out_8F 0 0 0 60 4.57618e+08 14738.3
W0_RB1out_8F 0 0 0 0 867.482 0.0336348
W0_RB1in_8F 0 0 0 0 589.211 0.0228454
W0_RB2out_8B 0 0 0 8 1.04795e+06 36.1473
W0_RB1out_8B 0 0 0 0 436.429 0.0181231
W0_RB1in_8B 1 1 1 0 456.315 0.0189489
W0_RB4_9F 0 0 0 0 1299.54 0.052423
W0_RB3_9F 0 0 0 0 1828.31 0.0986698
W0_RB4_9B 3 0 0 0 827.777 0.035763
W0_RB3_9B 0 0 0 0 3325.07 0.192187
W0_RB2in_9F 0 1 0 0 2925.64 0.138462
W0_RB2in_9C 0 0 0 0 880.412 0.044711
W0_RB2in_9B 0 0 0 0 1152.49 0.0604311
W0_RB2out_9F 0 1 0 0 1561.79 0.0502999
W0_RB1out_9F 8 0 0 0 571.882 0.0221735
W0_RB1in_9F 1 1 0 0 1271.92 0.0493159
W0_RB2out_9B 0 1 0 0 1906.24 0.0657525
W0_RB1out_9B 1 0 0 0 4490.63 0.186477
W0_RB1in_9B 0 0 0 0 1635.82 0.0679288
