220796  -1
W0_RB4_1+F 0 0 0 0 1428.43 0.057622
W0_RB3_1F 1 0 0 0 3344.14 0.180475
W0_RB4_1+B 0 0 0 0 2423.23 0.104692
W0_RB3_1B 0 1 1 0 1299.76 0.0751255
W0_RB2in_1F 0 0 0 0 1730.43 0.081896
W0_RB2in_1C 0 1 0 0 515.684 0.0261885
W0_RB2in_1B 0 1 0 0 353.541 0.018538
W0_RB2out_1F 2 0 0 0 659.192 0.0212303
W0_RB1out_1F 0 0 0 0 970.516 0.0376297
W0_RB1in_1F 0 0 0 0 1153.97 0.0447427
W0_RB2out_1B 53 1 0 0 205.325 0.00708234
W0_RB1out_1B 6 0 0 0 354.369 0.0147155
W0_RB1in_1B 1 1 0 0 343.261 0.0142542
W0_RB4_2+F 0 0 0 0 4768.26 0.192349
W0_RB3_2F 0 0 0 0 6434.1 0.347234
W0_RB4_2+B 1 0 0 0 3117.99 0.134709
W0_RB3_2B 2 0 0 0 1989.03 0.114965
W0_RB2in_2F 0 0 0 0 1853.06 0.0876998
W0_RB2in_2C 0 0 0 0 4795.03 0.243511
W0_RB2in_2B 0 1 0 0 1226.31 0.0643015
W0_RB2out_2F 0 0 0 0 1528.16 0.0492166
W0_RB1out_2F 0 0 0 0 2058.44 0.0798118
W0_RB1in_2F 0 0 0 0 2556.16 0.0991099
W0_RB2out_2B 0 1 1 0 1163.82 0.0401438
W0_RB1out_2B 0 1 1 0 1445.34 0.0600191
W0_RB1in_2B 0 1 0 0 4542.73 0.188641
W0_RB4_3+F 0 0 0 0 4590.19 0.185166
W0_RB3_3F 7 7 0 0 1924.03 0.103835
W0_RB4_3+B 0 1 0 0 3563.76 0.153967
W0_RB3_3B 0 1 0 0 1537.94 0.0888923
W0_RB2in_3F 1 8 0 0 2454.76 0.116176
W0_RB2in_3C 0 0 0 0 1518.12 0.0770962
W0_RB2in_3B 8 0 0 0 1334.7 0.0699851
W0_RB2out_3F 1 0 0 0 821.473 0.0264568
W0_RB1out_3F 0 0 0 0 1270.1 0.0492454
W0_RB1in_3F 0 0 0 0 623.12 0.0241602
W0_RB2out_3B 0 0 0 0 1738.96 0.0599825
W0_RB1out_3B 2 0 0 0 685.382 0.0284611
W0_RB1in_3B 0 0 0 0 747.891 0.0310568
W0_RB4_10-F 0 0 0 1 1.44741e+06 46.6161
W0_RB4_10+F 2 0 0 10 4.50374e+07 1450.5
W0_RB3_10F 1 1 1 0 6613.74 0.356928
W0_RB4_10-B 0 0 0 1 1.1803e+07 407.122
W0_RB4_10+B 1 0 0 2 7.0037e+06 241.58
W0_RB3_10B 0 3 2 0 1699.16 0.0982107
W0_RB2in_10F 6 0 0 0 2003.61 0.0948246
W0_RB2in_10C 0 0 0 0 2678.7 0.136035
W0_RB2in_10B 0 0 0 0 1471.03 0.0771335
W0_RB2out_10F 6 0 0 0 1586.32 0.05109
W0_RB1out_10F 1 0 0 0 1012.5 0.0392575
W0_RB1in_10F 0 0 0 0 1007.88 0.0390785
W0_RB2out_10B 0 0 0 0 11504 0.396809
W0_RB1out_10B 0 0 0 0 823.377 0.0341914
W0_RB1in_10B 0 0 0 0 573.003 0.0237944
W0_RB4_11F 0 0 0 0 987.082 0.0398184
W0_RB3_11F 1 15 1 0 1291.03 0.0696739
W0_RB4_11B 0 1 0 0 1116.34 0.0482298
W0_RB3_11B 0 0 0 0 2164.34 0.125098
W0_RB2in_11F 0 0 0 0 3152.09 0.149179
W0_RB2in_11C 0 0 0 0 4495.36 0.228293
W0_RB2in_11B 0 0 0 0 57438.7 3.0118
W0_RB2out_11F 0 1 1 0 5081.47 0.163657
W0_RB1out_11F 0 0 0 0 3418.4 0.132541
W0_RB1in_11F 0 2 2 0 1614.6 0.0626027
W0_RB2out_11B 0 0 0 0 3038.46 0.104806
W0_RB1out_11B 1 0 0 0 1871.35 0.0777095
W0_RB1in_11B 0 0 0 0 1969.11 0.0817688
W0_RB4_12+F 0 2 0 0 3930.24 0.158544
W0_RB3_12F 0 1 0 0 3936.38 0.212437
W0_RB4_12+B 0 2 0 0 3913.61 0.169082
W0_RB3_12B 2 1 1 0 2476.13 0.143119
W0_RB2in_12F 0 1 0 0 925.424 0.0437975
W0_RB2in_12C 0 1 0 0 1336.22 0.0678586
W0_RB2in_12B 0 1 0 0 891.782 0.0467607
W0_RB2out_12F 0 0 0 0 163272 5.25841
W0_RB1out_12F 0 0 0 0 1559.26 0.0604569
W0_RB1in_12F 0 0 0 0 2458.83 0.095336
W0_RB2out_12B 0 0 0 0 11194.4 0.386131
W0_RB1out_12B 0 0 0 0 647.093 0.0268711
W0_RB1in_12B 0 0 0 0 656.012 0.0272415
