220796  -1
W-2_RB4_4+F 4 0 0 0 5063.64 0.273273
W-2_RB4_4-F 0 0 0 0 2574.02 0.138914
W-2_RB3_4F 3 0 0 0 1247.96 0.0673497
W-2_RB4_4+B 0 0 0 0 919.01 0.0531183
W-2_RB4_4-B 0 1 1 0 1223.46 0.0707154
W-2_RB3_4B 0 0 0 0 1003 0.0579731
W-2_RB2out_4F 0 0 0 0 1429.86 0.0676709
W-2_RB2out_4C 0 0 0 0 939.911 0.0477326
W-2_RB2out_4B 8 0 0 0 889.497 0.0466408
W-2_RB2in_4F 0 0 0 0 3331.19 0.107286
W-2_RB1out_4F 1 0 0 0 1563.64 0.0606267
W-2_RB1in_4F 0 0 0 0 453.746 0.0175931
W-2_RB2in_4B 0 0 0 0 4458.06 0.153773
W-2_RB1out_4B 1 0 0 0 583.083 0.024213
W-2_RB1in_4B 0 15 15 0 322.345 0.0133857
W-2_RB4_5+F 0 1 1 0 9168.16 0.369839
W-2_RB3_5F 0 0 0 0 1733.22 0.093538
W-2_RB4_5+B 0 0 0 0 2851.3 0.123187
W-2_RB3_5B 2 0 0 0 1828.8 0.105704
W-2_RB2out_5F 0 0 0 0 1691.97 0.080076
W-2_RB2out_5C 0 0 0 0 1051.22 0.0533854
W-2_RB2out_5B 2 0 0 0 877.819 0.0460285
W-2_RB2in_5F 0 0 0 0 1556.65 0.0501342
W-2_RB1out_5F 84 0 0 0 6.61311 0.000256409
W-2_RB1in_5F 0 0 0 0 491.416 0.0190536
W-2_RB2in_5B 84 0 0 0 50.8766 0.0017549
W-2_RB1out_5B 84 0 0 0 0.150716 6.25861e-06
W-2_RB1in_5B 5 0 0 0 563.443 0.0233974
W-2_RB4_6+F 0 0 0 0 5977.12 0.241114
W-2_RB3_6F 0 0 0 0 1147.68 0.0619377
W-2_RB4_6+B 0 0 0 0 7819 0.337809
W-2_RB3_6B 4 1 1 0 676.511 0.039102
W-2_RB2out_6F 0 0 0 0 1193.71 0.0564947
W-2_RB2out_6C 0 0 0 0 1173.92 0.0596167
W-2_RB2out_6B 0 0 0 0 795.662 0.0417206
W-2_RB2in_6F 0 0 0 0 2640.41 0.0850385
W-2_RB1out_6F 0 0 0 0 5072.31 0.196668
W-2_RB1in_6F 0 0 0 0 538.731 0.0208882
W-2_RB2in_6B 0 0 0 0 3246.53 0.111983
W-2_RB1out_6B 0 0 0 0 691.071 0.0286973
W-2_RB1in_6B 0 0 0 0 392.852 0.0163135
W-2_RB4_7+F 0 0 0 0 1634.11 0.0659192
W-2_RB3_7F 3 0 0 0 2967.36 0.160141
W-2_RB4_7+B 0 0 0 0 972.576 0.0420188
W-2_RB3_7B 1 1 1 0 3252.05 0.187967
W-2_RB2out_7F 0 0 0 0 785.548 0.0371776
W-2_RB2out_7C 2 0 0 0 799.528 0.0406033
W-2_RB2out_7B 2 0 0 0 335.56 0.0175951
W-2_RB2in_7F 7 0 0 0 8625.16 0.277786
W-2_RB1out_7F 6 0 0 0 472.847 0.0183336
W-2_RB1in_7F 1 0 0 0 1056.75 0.0409733
W-2_RB2in_7B 0 0 0 0 3369.84 0.116237
W-2_RB1out_7B 9 0 0 0 178.528 0.00741353
W-2_RB1in_7B 1 0 0 0 14295.1 0.593616
W-2_RB4_8+F 0 0 0 0 1838.63 0.0992264
W-2_RB3_8F 0 0 0 0 1932.04 0.104268
W-2_RB4_8+B 0 2 0 0 2391.19 0.13821
W-2_RB3_8B 0 0 0 0 778.623 0.045004
W-2_RB2out_8F 0 0 0 0 1323.43 0.0626341
W-2_RB2out_8C 1 0 0 0 2243.95 0.113957
W-2_RB2out_8B 0 0 0 0 803.931 0.0421542
W-2_RB2in_8F 0 0 0 0 5132.71 0.165307
W-2_RB1out_8F 0 0 0 0 4646.37 0.180153
W-2_RB1in_8F 1 0 0 0 1111.36 0.0430907
W-2_RB2in_8B 0 0 0 0 5418.31 0.186895
W-2_RB1out_8B 1 0 0 0 913.548 0.0379358
W-2_RB1in_8B 0 0 0 1 333490 13.8485
W-2_RB4_9F 1 0 0 0 1181.06 0.0476433
W-2_RB3_9F 0 0 0 0 1532.7 0.0827165
W-2_RB4_9B 1 0 0 0 1591.77 0.0687701
W-2_RB3_9B 1 0 0 0 971.244 0.0561374
W-2_RB2out_9F 2 0 0 0 647.637 0.0306507
W-2_RB2out_9C 2 0 0 0 550.9 0.027977
W-2_RB2out_9B 0 0 0 0 516.015 0.0270573
W-2_RB2in_9F 0 0 0 0 4235.09 0.136397
W-2_RB1out_9F 0 0 0 0 1322.61 0.0512814
W-2_RB1in_9F 1 0 0 0 482.219 0.018697
W-2_RB2in_9B 0 0 0 0 1790.96 0.0617762
W-2_RB1out_9B 1 0 0 0 427.995 0.0177729
W-2_RB1in_9B 3 0 0 0 252.058 0.0104669
