220796  -1
W-1_RB4_4+F 0 0 0 0 1475.76 0.0796431
W-1_RB4_4-F 1 0 0 0 1922.73 0.103765
W-1_RB3_4F 0 0 0 0 10731.8 0.579169
W-1_RB4_4+B 1 0 0 0 1564.9 0.0904502
W-1_RB4_4-B 0 0 0 0 1325.61 0.0766195
W-1_RB3_4B 0 0 0 0 10499.8 0.606882
W-1_RB2in_4F 0 0 0 5 7.00103e+06 331.337
W-1_RB2in_4C 0 0 0 0 13989.9 0.710466
W-1_RB2in_4B 1 0 0 0 16500.2 0.865189
W-1_RB2out_4F 84 0 0 0 7.43682 0.000239514
W-1_RB1out_4F 2 0 0 0 480.665 0.0186368
W-1_RB1in_4F 2 0 0 0 1215.14 0.0471144
W-1_RB2out_4B 84 0 0 0 5.93979 0.000204883
W-1_RB1out_4B 84 0 0 0 0.755834 3.13866e-05
W-1_RB1in_4B 1 0 0 0 848.139 0.0352197
W-1_RB4_5+F 0 1 0 0 2732.3 0.11022
W-1_RB3_5F 0 0 0 0 12678.8 0.684243
W-1_RB4_5+B 0 0 0 0 4267.47 0.18437
W-1_RB3_5B 1 0 0 0 1405.3 0.0812256
W-1_RB2in_5F 0 0 0 0 426.014 0.020162
W-1_RB2in_5C 2 0 0 0 317.254 0.0161114
W-1_RB2in_5B 1 0 0 0 3021.95 0.158456
W-1_RB2out_5F 0 0 0 0 2032.58 0.0654624
W-1_RB1out_5F 0 0 0 0 1202.15 0.0466108
W-1_RB1in_5F 2 0 0 0 1629.46 0.063179
W-1_RB2out_5B 0 0 0 0 1362.09 0.0469829
W-1_RB1out_5B 0 0 0 0 767.283 0.0318621
W-1_RB1in_5B 1 0 0 0 768.153 0.0318982
W-1_RB4_6+F 0 26 3 0 46376.7 1.87081
W-1_RB3_6F 0 0 0 0 1353.58 0.0730497
W-1_RB4_6+B 0 24 0 0 229059 9.89619
W-1_RB3_6B 0 0 0 0 947.452 0.0547622
W-1_RB2in_6F 0 0 0 0 1085.19 0.0513586
W-1_RB2in_6C 0 0 0 0 1196.93 0.0607851
W-1_RB2in_6B 8 0 0 0 875.476 0.0459057
W-1_RB2out_6F 0 0 0 0 3373.05 0.108634
W-1_RB1out_6F 0 0 0 0 1052.66 0.0408146
W-1_RB1in_6F 0 0 0 0 522.853 0.0202726
W-1_RB2out_6B 0 0 0 0 3420.22 0.117975
W-1_RB1out_6B 1 0 0 0 856.565 0.0355696
W-1_RB1in_6B 0 0 0 0 2581.83 0.107213
W-1_RB4_7+F 0 1 1 0 1375.17 0.0554738
W-1_RB3_7F 42 0 0 0 399.863 0.0215797
W-1_RB4_7+B 0 0 0 0 1094.78 0.0472983
W-1_RB3_7B 42 0 0 0 645.898 0.0373325
W-1_RB2in_7F 0 0 0 0 1433.36 0.0678364
W-1_RB2in_7C 0 0 0 0 5926.13 0.300953
W-1_RB2in_7B 1 0 0 0 2703.41 0.141754
W-1_RB2out_7F 0 0 0 0 385.58 0.0124182
W-1_RB1out_7F 0 0 0 0 327.506 0.0126984
W-1_RB1in_7F 0 0 0 0 426.096 0.016521
W-1_RB2out_7B 84 0 0 0 8.39418 0.000289542
W-1_RB1out_7B 1 0 0 0 577.042 0.0239621
W-1_RB1in_7B 15 1 1 0 183.819 0.00763323
W-1_RB4_8+F 1 0 0 0 2253.1 0.121594
W-1_RB3_8F 1 0 0 0 4889.65 0.263883
W-1_RB4_8+B 0 0 0 0 2625.13 0.151731
W-1_RB3_8B 0 1 1 0 3649.33 0.210929
W-1_RB2in_8F 0 1 0 0 1647.58 0.077975
W-1_RB2in_8C 0 0 0 0 1337.88 0.0679432
W-1_RB2in_8B 1 0 0 0 1029.48 0.0539809
W-1_RB2out_8F 0 0 0 0 5541.24 0.178464
W-1_RB1out_8F 0 1 0 0 690.283 0.0267643
W-1_RB1in_8F 0 4 4 0 1260.2 0.0488615
W-1_RB2out_8B 0 6 2 0 2478.29 0.0854843
W-1_RB1out_8B 0 0 0 0 404.507 0.0167975
W-1_RB1in_8B 8 0 0 0 394938 16.4001
W-1_RB4_9F 0 0 0 0 1917.8 0.0773632
W-1_RB3_9F 24 0 0 0 1177.8 0.0635632
W-1_RB4_9B 1 0 0 0 2498.32 0.107937
W-1_RB3_9B 19 0 0 0 1304.83 0.0754182
W-1_RB2in_9F 0 0 0 0 1242.09 0.0587843
W-1_RB2in_9C 1 3 0 0 790.687 0.0401543
W-1_RB2in_9B 0 0 0 0 932.526 0.0488971
W-1_RB2out_9F 0 0 0 0 11652.5 0.375287
W-1_RB1out_9F 0 0 0 0 946.2 0.0366869
W-1_RB1in_9F 0 0 0 0 5267.97 0.204254
W-1_RB2out_9B 0 0 0 0 1766.92 0.0609469
W-1_RB1out_9B 1 0 0 0 2005.5 0.0832799
W-1_RB1in_9B 0 0 0 0 539.777 0.0224147
