160431 200
160577 53
160578 175
160871 141
160872 38
160873 147
160874 68
160939 123
160940 79
160942 12
160943 54
160955 197
160956 64
160957 953
160998 251
161008 76
161016 299
162762 102
162765 40
162803 70
162808 51
162811 340
162822 235
162825 184
162826 24
162828 85
162909 237
163046 237
163069 546
163071 161
163078 23
163232 40
163233 283
163234 66
163235 461
163237 213
163238 7
163252 78
163255 923
163261 120
163270 911
163286 290
163289 388
163296 526
163297 219
163300 616
163301 192
163302 190
163332 651
163333 106
163334 437
163337 445
163338 164
163339 172
163340 488
163358 25
163369 94
163370 147
163371 316
163372 52
163374 860
163375 10
163376 245
163378 574
163385 351
163387 256
163402 722
163475 266
163476 209
163478 70
163479 175
163480 187
163481 77
163482 28
163483 57
163582 22
163583 213
163584 56
163585 32
163586 75
163587 52
163588 445
163589 159
163596 29
163630 99
163655 9
163657 140
163658 3
163659 703
163660 74
163661 17
163662 154
163663 244
163664 177
163668 207
163738 278
163757 40
163758 570
163759 485
163760 338
163761 203
163763 79
163765 321
163795 32
163796 182
163817 757
163869 45
165088 160
165098 285
165099 105
165102 185
165103 440
165120 16
165121 466
165205 169
165208 101
165364 1203
165402 28
165415 1313
165467 670
165472 881
165486 66
165487 151
165506 117
165514 482
165548 586
165558 62
165567 569
165570 935
165617 261
165620 6
165633 439
165970 266
165993 1618
166011 82
166033 1169
166034 297
166049 616
166149 2
166150 115
166161 86
166163 32
166164 39
166346 167
166374 142
166380 1796
166408 1158
166429 57
166438 833
166462 439
166486 116
166502 63
166512 1814
166514 460
166530 21
166554 679
166563 533
166565 889
166699 840
166701 744
166763 600
166781 335
166782 569
166784 357
166787 356
166839 255
166841 991
166842 170
166859 359
166860 21
166861 12
166864 497
166888 409
166889 223
166890 441
166894 190
166895 597
166911 43
166922 753
166923 464
166946 159
166950 1402
166960 161
166966 238
166967 220
167039 204
167041 653
167043 231
167078 135
167098 354
167102 419
167103 94
167151 42
167281 570
167282 441
167284 1621
167551 411
167673 229
167674 345
167675 935
167676 440
167740 89
167746 329
167754 42
167784 17
167786 162
167807 1751
167830 1231
167898 1642
167913 431
170826 239
170842 322
170854 565
170876 508
170896 212
170899 84
170901 195
171050 582
171091 135
171098 8
171102 19
171106 284
171117 82
171156 646
171178 1022
171219 114
171274 54
171282 161
171315 173
171369 109
171446 87
171484 362
171578 894
171812 376
171921 91
171926 254
172014 237
172024 46
172033 732
172163 429
172208 139
172252 23
172254 35
172255 40
172268 114
172286 159
172389 417
172399 170
172400 695
172401 146
172411 265
172478 110
172619 77
172620 495
172630 118
172635 263
172778 50
172791 1572
172798 31
172799 367
172801 1129
172802 780
172819 194
172822 2300
172824 54
172847 70
172865 342
172868 1954
172949 1212
172951 52
172952 1552
172992 395
172999 289
173198 766
173236 104
173240 124
173241 747
173243 89
173380 132
173381 282
173389 610
173406 250
173430 92
173438 25
173439 742
173657 35
173658 110
173659 313
173660 353
173661 119
173663 119
173664 12
173692 2655
175860 82
175863 75
175865 58
175866 509
175872 31
175873 32
175874 106
175877 69
175881 160
175886 280
175887 136
175888 424
175906 113
175910 12
175921 365
175973 141
175974 124
175975 386
175976 98
175990 109
176023 86
176161 12
176163 61
176165 29
176167 5
176169 140
176201 594
176202 262
176206 101
176207 230
176286 428
176289 73
176304 437
176308 289
176309 1629
176467 162
176468 209
176469 5
176545 1
176547 180
176548 1017
176697 294
176701 145
176702 803
176765 58
176771 99
176795 68
176796 94
176797 225
176799 234
176801 244
176805 97
176807 459
176841 133
176844 110
176848 25
176850 299
176860 445
176868 495
176885 158
176886 668
176889 101
176928 119
176929 314
176933 433
176959 23
176982 10
177053 671
177074 713
177088 38
177095 155
177096 188
177131 91
177138 59
177139 621
177140 554
177141 623
177183 213
177184 39
177201 728
177222 293
177317 60
177318 81
177319 361
177449 375
177452 168
177718 1572
177719 701
177730 2237
177776 36
177782 153
177783 358
177788 46
177789 83
177790 714
177791 169
177875 513
177878 842
178098 680
178099 192
178100 1603
178101 73
178102 13
178110 407
178116 614
178151 76
178160 483
178162 169
178365 1008
178367 695
178380 193
178420 17
178421 1150
178424 834
178479 936
178703 141
178708 374
178712 390
178724 259
178731 208
178738 251
178786 164
178803 406
178840 543
178854 134
178866 424
178871 1264
178920 239
178970 529
178985 81
179411 112
179434 725
179452 1220
179476 205
179497 338
179547 260
179558 130
179563 1174
179889 476
179959 18
179977 91
180072 54
180076 355
180093 342
180241 353
180250 530
180252 76
