173692
175860
175863
175865
175866
175872
175873
175874
175877
175881
175886
175887
175888
175906
175910
175921
175973
175974
175975
175976
175990
176023
176161
176163
176165
176167
176169
176201
176202
176206
176207
176286
176289
176304
176308
176309
176467
176468
176469
176545
176547
176548
176697
176701
176702
176765
176771
176795
176796
176797
176799
176801
176805
176807
176841
176844
176848
176850
176860
176868
176885
176886
176889
176928
176929
176933
176959
176982
177053
177074
177088
177095
177096
177131
177138
177139
177140
177141
177183
177184
177201
177222
177317
177318
177319
177449
177452
177718
177719
177730
177776
177782
177783
177788
177789
177790
177791
177875
177878
178098
178099
178100
178101
178102
178110
178116
178151
178160
178162
178365
178367
178380
178420
178421
178424
178479
178703
178708
178712
178724
178731
178738
178786
178803
178840
178854
178866
178871
178920
178970
178985
179411
179434
179452
179476
179497
179547
179558
179563
179889
179959
179977
180072
180076
180093
180241
180250
180252
