160577 53
160872 38
160874 68
160940 79
160942 12
160943 54
160956 64
161008 76
162765 40
162803 70
162808 51
162826 24
162828 85
163078 23
163232 40
163234 66
163238 7
163252 78
163358 25
163369 94
163372 52
163375 10
163478 70
163481 77
163482 28
163483 57
163582 22
163584 56
163585 32
163586 75
163587 52
163596 29
163630 99
163655 9
163658 3
163660 74
163661 17
163757 40
163763 79
163795 32
163869 45
165120 16
165402 28
165486 66
165558 62
165620 6
166011 82
166149 2
166161 86
166163 32
166164 39
166429 57
166502 63
166530 21
166860 21
166861 12
166911 43
167103 94
167151 42
167740 89
167754 42
167784 17
170899 84
171098 8
171102 19
171117 82
171274 54
171446 87
171921 91
172024 46
172252 23
172254 35
172255 40
172619 77
172778 50
172798 31
172824 54
172847 70
172951 52
173243 89
173430 92
173438 25
173657 35
173664 12
175860 82
175863 75
175865 58
175872 31
175873 32
175877 69
175910 12
175976 98
176023 86
176161 12
176163 61
176165 29
176167 5
176289 73
176469 5
176545 1
176765 58
176771 99
176795 68
176796 94
176805 97
176848 25
176959 23
176982 10
177088 38
177131 91
177138 59
177184 39
177317 60
177318 81
177776 36
177788 46
177789 83
178101 73
178102 13
178151 76
178420 17
178985 81
179959 18
179977 91
180072 54
180252 76
