160577
160872
160874
160940
160942
160943
160956
161008
162765
162803
162808
162826
162828
163078
163232
163234
163238
163252
163358
163369
163372
163375
163478
163481
163482
163483
163582
163584
163585
163586
163587
163596
163630
163655
163658
163660
163661
163757
163763
163795
163869
165120
165402
165486
165558
165620
166011
166149
166161
166163
166164
166429
166502
166530
166860
166861
166911
167103
167151
167740
167754
167784
170899
171098
171102
171117
171274
171446
171921
172024
172252
172254
172255
172619
172778
172798
172824
172847
172951
173243
173430
173438
173657
173664
175860
175863
175865
175872
175873
175877
175910
175976
176023
176161
176163
176165
176167
176289
176469
176545
176765
176771
176795
176796
176805
176848
176959
176982
177088
177131
177138
177184
177317
177318
177776
177788
177789
178101
178102
178151
178420
178985
179959
179977
180072
180252
