160872 76 52239.607
160940 89 98632.043
160942 25 27132.977
160943 84 73042.860
160956 72 219466.204
162765 65 79383.521
162808 62 317129.166
162826 42 185023.934
163078 49 215767.080
163234 73 417438.484
163238 29 57427.093
163375 16 106178.461
163478 82 768961.600
163481 89 760665.953
163482 57 478686.013
163483 66 364427.067
163582 65 982646.616
163584 84 1156606.226
163585 41 553693.155
163587 84 1084891.363
163596 56 254651.221
163655 47 724503.036
163658 18 261047.400
163660 84 985949.448
163661 26 301167.914
163757 46 657699.283
163763 92 869898.121
163795 53 977182.850
165402 48 438088.596
165558 85 993659.563
165620 87 1217279.362
166011 96 1864475.417
166149 30 846157.992
166163 45 1190520.724
166164 48 855626.883
166860 36 804824.563
166861 50 1100317.288
170899 84 1195244.011
171098 32 768416.234
171102 34 806843.969
171117 95 1641233.798
172252 67 2550486.685
172254 51 2327705.954
172255 49 1605055.442
172619 97 1824222.575
172798 36 891050.854
172824 88 1027242.702
172951 70 2000723.726
173243 97 3120526.770
173438 72 3243538.306
175860 88 1830960.824
175863 87 1683856.034
175865 70 1285015.433
175872 97 2488850.986
175873 37 1719794.563
175877 73 2758367.520
175910 38 454527.097
176161 36 2550774.713
176165 94 6085565.275
176167 13 796282.737
176289 82 3976733.103
176545 31 2250189.416
176848 41 2063949.842
176959 46 1897524.183
177184 83 2390228.145
177317 64 4770736.129
177788 88 4396914.384
178101 81 2298675.173
178102 31 506261.959
178420 77 3361602.747
178985 91 4565356.117
180252 93 5722589.134
