160431 200
160578 175
160871 141
160873 147
160939 123
160955 197
160957 953
160998 251
161016 299
162762 102
162811 340
162822 235
162825 184
162909 237
163046 237
163069 546
163071 161
163233 283
163235 461
163237 213
163255 923
163261 120
163270 911
163286 290
163289 388
163296 526
163297 219
163300 616
163301 192
163302 190
163332 651
163333 106
163334 437
163337 445
163338 164
163339 172
163340 488
163370 147
163371 316
163374 860
163376 245
163378 574
163385 351
163387 256
163402 722
163475 266
163476 209
163479 175
163480 187
163583 213
163588 445
163589 159
163657 140
163659 703
163662 154
163663 244
163664 177
163668 207
163738 278
163758 570
163759 485
163760 338
163761 203
163765 321
163796 182
163817 757
165088 160
165098 285
165099 105
165102 185
165103 440
165121 466
165205 169
165208 101
165364 1203
165415 1313
165467 670
165472 881
165487 151
165506 117
165514 482
165548 586
165567 569
165570 935
165617 261
165633 439
165970 266
165993 1618
166033 1169
166034 297
166049 616
166150 115
166346 167
166374 142
166380 1796
166408 1158
166438 833
166462 439
166486 116
166512 1814
166514 460
166554 679
166563 533
166565 889
166699 840
166701 744
166763 600
166781 335
166782 569
166784 357
166787 356
166839 255
166841 991
166842 170
166859 359
166864 497
166888 409
166889 223
166890 441
166894 190
166895 597
166922 753
166923 464
166946 159
166950 1402
166960 161
166966 238
166967 220
167039 204
167041 653
167043 231
167078 135
167098 354
167102 419
167281 570
167282 441
167284 1621
167551 411
167673 229
167674 345
167675 935
167676 440
167746 329
167786 162
167807 1751
167830 1231
167898 1642
167913 431
170826 239
170842 322
170854 565
170876 508
170896 212
170901 195
171050 582
171091 135
171106 284
171156 646
171178 1022
171219 114
171282 161
171315 173
171369 109
171484 362
171578 894
171812 376
171926 254
172014 237
172033 732
172163 429
172208 139
172268 114
172286 159
172389 417
172399 170
172400 695
172401 146
172411 265
172478 110
172620 495
172630 118
172635 263
172791 1572
172799 367
172801 1129
172802 780
172819 194
172822 2300
172865 342
172868 1954
172949 1212
172952 1552
172992 395
172999 289
173198 766
173236 104
173240 124
173241 747
173380 132
173381 282
173389 610
173406 250
173439 742
173658 110
173659 313
173660 353
173661 119
173663 119
173692 2655
175866 509
175874 106
175881 160
175886 280
175887 136
175888 424
175906 113
175921 365
175973 141
175974 124
175975 386
175990 109
176169 140
176467 162
176468 209
176547 180
176548 1017
176697 294
176701 145
176702 803
176797 225
176799 234
176801 244
176807 459
176841 133
176844 110
176850 299
176860 445
176868 495
176885 158
176886 668
176889 101
176928 119
176929 314
176933 433
177053 671
177074 713
177095 155
177096 188
177139 621
177140 554
177141 623
177183 213
177201 728
177222 293
177319 361
177449 375
177452 168
177718 1572
177719 701
177730 2237
177782 153
177783 358
177790 714
177791 169
177875 513
177878 842
178098 680
178099 192
178100 1603
178110 407
178116 614
178160 483
178162 169
178365 1008
178367 695
178380 193
178421 1150
178424 834
178479 936
178703 141
178708 374
178712 390
178724 259
178731 208
178738 251
178786 164
178803 406
178840 543
178854 134
178866 424
178871 1264
178920 239
178970 529
179411 112
179434 725
179452 1220
179476 205
179497 338
179547 260
179558 130
179563 1174
179889 476
180076 355
180093 342
180241 353
180250 530
