191202  1334271661
W+1_RB1in_4F 1 0 0 0 36125.7 1.65911
W+1_RB1out_4F 1 0 0 0 31802.8 1.46057
W+1_RB2out_4F 0 0 0 0 5744.8 0.219153
W+1_RB2in_4C 0 0 0 0 7949.2 0.403693
W+1_RB2in_4F 0 0 0 0 5399.97 0.331417
W+1_RB2in_4B 1 0 0 0 3944.13 0.277069
W+1_RB1out_4B 2 0 0 0 15943.6 0.794623
W+1_RB1in_4B 0 0 0 0 34736.2 1.73123
W+1_RB2out_4B 1 3 0 0 3865.15 0.160013
W+1_RB4_4+F 0 1 1 0 83340.4 5.40042
W+1_RB3_4F 0 0 0 0 3393.94 0.216954
W+1_RB4_4-F 0 0 0 0 94618.4 6.13123
W+1_RB3_4B 1 1 1 0 3356.29 0.23283
W+1_RB4_4-B 1 6 0 0 79943.8 5.62177
W+1_RB4_4+B 1 0 0 0 78113.1 5.49303
W+1_RB4_5+B 0 0 0 0 170755 7.37723
W+1_RB3_5B 1 0 0 0 3349.42 0.193595
W+1_RB2in_5F 0 1 1 0 12327.1 0.583404
W+1_RB2in_5B 0 0 0 0 4919.61 0.25796
W+1_RB2in_5C 0 0 0 0 8998.74 0.456993
W+1_RB4_5+F 0 0 0 0 179181 7.22808
W+1_RB3_5F 0 0 0 0 5057.07 0.272918
W+1_RB2out_5F 0 0 0 0 7508 0.241807
W+1_RB1out_5F 0 0 0 0 37598.7 1.45781
W+1_RB1in_5F 0 0 0 0 47052 1.82434
W+1_RB1in_5B 0 0 0 0 28943.3 1.20189
W+1_RB1out_5B 0 0 0 0 21804.8 0.905463
W+1_RB2out_5B 0 0 0 0 5288.41 0.182414
W+1_RB2in_6C 0 0 0 0 11399.1 0.578893
W+1_RB2in_6B 1 0 0 0 5268.94 0.276277
W+1_RB2in_6F 0 0 0 0 14643.3 0.693024
W+1_RB1out_6B 0 0 0 0 22404.2 0.930351
W+1_RB2out_6B 0 0 0 0 46677 1.61004
W+1_RB1in_6B 0 0 0 0 20899.7 0.867878
W+1_RB4_6+B 0 0 0 0 167415 7.23294
W+1_RB3_6B 0 1 1 0 6116.53 0.353532
W+1_RB3_6F 0 1 0 0 5724.19 0.308921
W+1_RB4_6+F 0 0 0 0 153341 6.18569
W+1_RB2out_6F 0 0 0 0 49904.8 1.60726
W+1_RB1out_6F 0 0 0 0 32092.7 1.24433
W+1_RB1in_6F 0 0 0 0 47119.2 1.82695
W+1_RB4_7+F 0 0 0 0 106589 4.29974
W+1_RB3_7F 2 0 0 0 2615.18 0.141135
W+1_RB2in_7B 0 0 0 0 2989.52 0.156756
W+1_RB2in_7C 0 0 0 0 5339.64 0.271169
W+1_RB2in_7F 0 0 0 0 5612.21 0.265609
W+1_RB3_7B 0 0 0 0 3287.86 0.190037
W+1_RB4_7+B 1 0 0 0 79873.4 3.45082
W+1_RB1in_7B 0 0 0 0 18632.8 0.773743
W+1_RB2out_7B 0 0 0 0 3128.07 0.107897
W+1_RB1out_7B 0 0 0 0 15721.9 0.652864
W+1_RB2out_7F 0 0 0 0 5954.83 0.191784
W+1_RB1in_7F 1 0 0 0 36350.8 1.40943
W+1_RB1out_7F 1 0 0 0 23625.7 0.916039
W+1_RB3_8B 1 0 0 0 7827.13 0.452404
W+1_RB4_8+B 0 0 0 0 21448.7 1.23972
W+1_RB3_8F 1 0 0 0 7261.54 0.391889
W+1_RB4_8+F 1 0 0 0 23720 1.28011
W+1_RB1out_8B 0 0 0 0 24019.3 0.997421
W+1_RB1in_8B 1 0 0 0 35978.9 1.49405
W+1_RB2out_8B 0 0 0 0 9834.59 0.339227
W+1_RB2in_8C 0 0 0 0 6103.62 0.309967
W+1_RB2in_8F 0 0 0 0 7625.73 0.360903
W+1_RB2in_8B 1 0 0 0 4276.99 0.224264
W+1_RB1in_8F 0 0 0 0 48728.3 1.88934
W+1_RB2out_8F 0 1 0 0 10782.8 0.347277
W+1_RB1out_8F 1 0 0 0 40128.5 1.5559
W+1_RB3_9B 7 0 0 0 2327.77 0.134544
W+1_RB4_9B 0 0 0 0 4747.97 0.20513
W+1_RB1in_9F 0 0 0 0 49758.9 1.9293
W+1_RB1out_9F 1 0 0 0 26604.4 1.03153
W+1_RB2out_9F 0 0 0 0 13547.9 0.436332
W+1_RB1in_9B 1 3 3 0 30098.6 1.24987
W+1_RB1out_9B 1 0 0 0 4511.94 0.187362
W+1_RB2out_9B 0 0 0 0 11154.5 0.384754
W+1_RB2in_9B 0 0 0 0 5936.35 0.311273
W+1_RB2in_9F 0 0 0 0 7620.21 0.360641
W+1_RB2in_9C 0 0 0 0 7034.09 0.35722
W+1_RB3_9F 1 13 0 0 2098.81 0.113268
W+1_RB4_9F 0 0 0 0 3961.72 0.159814
191202  1334271661
W+1_RB3_1F 1 0 0 0 3353.04 0.180956
W+1_RB4_1+F 3 0 0 0 114737 4.62843
W+1_RB2in_1C 0 0 0 0 10212.5 0.518634
W+1_RB2in_1B 0 0 0 0 4080.17 0.213944
W+1_RB2in_1F 0 0 0 0 9760.34 0.461927
W+1_RB1in_1B 2 15 15 0 20829.3 0.864956
W+1_RB1out_1B 2 12 0 0 15154.4 0.629299
W+1_RB2out_1B 0 0 0 0 27023.8 0.932139
W+1_RB3_1B 0 0 0 0 2552.99 0.147562
W+1_RB4_1+B 1 0 0 0 150835 6.51661
W+1_RB2out_1F 0 0 0 0 15747.7 0.50718
W+1_RB1in_1F 0 0 0 0 48931.9 1.89723
W+1_RB1out_1F 1 0 0 0 24182.8 0.937638
W+1_RB1in_2B 0 0 0 0 23473.3 0.974749
W+1_RB1out_2B 1 0 0 0 16718.1 0.694234
W+1_RB2out_2B 0 0 0 0 9973.69 0.344025
W+1_RB3_2B 0 0 0 0 9551.24 0.552056
W+1_RB4_2+B 0 0 0 0 154425 6.67173
W+1_RB2in_2F 1 0 0 0 8429.74 0.398954
W+1_RB2in_2C 0 0 0 0 6499.75 0.330084
W+1_RB2in_2B 0 0 0 0 4830.95 0.253312
W+1_RB3_2F 0 0 0 0 10730.8 0.579116
W+1_RB4_2+F 0 0 0 0 102094 4.11841
W+1_RB2out_2F 0 0 0 0 17277.7 0.556454
W+1_RB1in_2F 0 0 0 0 47187.2 1.82958
W+1_RB1out_2F 0 0 0 0 26138.9 1.01348
W+1_RB4_3+F 1 0 0 0 188893 7.61983
W+1_RB3_3F 0 0 0 0 4532.61 0.244615
W+1_RB1in_3F 0 0 0 0 40520.9 1.57111
W+1_RB1out_3F 0 0 0 0 53771.3 2.08487
W+1_RB2out_3F 0 0 0 0 12886.4 0.415027
W+1_RB4_3+B 1 1 1 0 176788 7.63789
W+1_RB3_3B 0 0 0 0 4085.85 0.23616
W+1_RB2out_3B 0 0 0 0 2083.11 0.0718533
W+1_RB1out_3B 0 0 0 0 28304.7 1.17538
W+1_RB1in_3B 2 0 0 0 20209.4 0.839212
W+1_RB2in_3F 0 0 0 0 17657.5 0.835674
W+1_RB2in_3C 0 0 0 0 24142.6 1.22606
W+1_RB2in_3B 0 0 0 0 8028.23 0.420961
W+1_RB2out_10B 0 0 0 0 10003.1 0.345038
W+1_RB1out_10B 0 0 0 0 22651.5 0.940623
W+1_RB1in_10B 0 0 0 0 18265.6 0.758492
W+1_RB1out_10F 0 0 0 0 33292.5 1.29085
W+1_RB1in_10F 0 0 0 0 28573.1 1.10786
W+1_RB2out_10F 0 0 0 0 10237.4 0.329711
W+1_RB2in_10C 0 0 0 0 5007.87 0.25432
W+1_RB2in_10F 0 0 0 0 6290.29 0.297701
W+1_RB2in_10B 0 0 0 0 3663.78 0.192111
W+1_RB3_10B 1 0 0 0 2408.52 0.139211
W+1_RB4_10+B 0 0 0 0 1537.35 0.0530282
W+1_RB4_10-B 2 0 0 0 3397.03 0.117174
W+1_RB4_10-F 0 36 10 0 3600.32 0.115954
W+1_RB3_10F 0 0 0 0 3465.04 0.187
W+1_RB4_10+F 0 1 0 0 1883.71 0.0606679
W+1_RB1in_11F 0 0 0 0 47686.7 1.84895
W+1_RB1out_11F 0 0 0 0 30028.9 1.16431
W+1_RB2out_11F 0 0 0 0 19511.2 0.628389
W+1_RB4_11B 0 0 0 0 2736.89 0.118244
W+1_RB3_11B 0 0 0 0 3165.38 0.182957
W+1_RB4_11F 0 0 0 0 3180.05 0.128282
W+1_RB3_11F 1 1 0 0 3912.1 0.211127
W+1_RB1in_11B 0 0 0 0 32282 1.34054
W+1_RB2out_11B 0 1 0 0 6489.66 0.223849
W+1_RB1out_11B 12 0 0 0 14749.4 0.612482
W+1_RB2in_11F 0 0 0 0 6379.97 0.301945
W+1_RB2in_11B 0 0 0 0 2757.96 0.144614
W+1_RB2in_11C 0 1 1 0 5030.76 0.255483
W+1_RB4_12+B 1 0 0 0 33428.7 1.44424
W+1_RB3_12B 1 0 0 0 3193.05 0.184556
W+1_RB4_12+F 0 0 0 0 37796.7 1.5247
W+1_RB3_12F 0 0 0 0 4987.26 0.269151
W+1_RB2in_12C 0 0 0 0 10303.8 0.52327
W+1_RB2in_12F 0 0 0 0 9748.17 0.461352
W+1_RB2in_12B 0 0 0 0 7562.46 0.396538
W+1_RB2out_12F 0 0 0 0 10838.9 0.349084
W+1_RB1in_12F 0 0 0 0 42551.4 1.64984
W+1_RB1out_12F 0 0 0 0 35523.7 1.37736
W+1_RB2out_12B 0 0 0 0 5266.16 0.181647
W+1_RB1in_12B 3 12 0 0 22262.1 0.924451
W+1_RB1out_12B 0 0 0 0 15299 0.635304
191202  1334271661
W+2_RB4_4+B 0 0 0 0 127944 7.39509
W+2_RB4_4-B 0 0 0 0 156219 9.02939
W+2_RB3_4B 0 0 0 0 6999.98 0.404595
W+2_RB1out_4B 0 0 0 0 58254.7 2.41908
W+2_RB2in_4B 87 0 0 0 0.00128823 4.44351e-08
W+2_RB1in_4B 0 0 0 0 58208.7 2.41716
W+2_RB4_4+F 0 0 0 0 144718 7.81011
W+2_RB4_4-F 0 0 0 0 155247 8.37834
W+2_RB3_4F 0 0 0 0 9515.48 0.513529
W+2_RB2out_4B 0 0 0 0 7689.26 0.403187
W+2_RB2out_4C 0 0 0 0 10847.8 0.550893
W+2_RB2out_4F 0 0 0 0 10085.4 0.477311
W+2_RB1in_4F 0 0 0 0 63912.5 2.47808
W+2_RB1out_4F 0 0 0 0 56597.8 2.19446
W+2_RB2in_4F 13 0 0 0 0.0750778 2.418e-06
W+2_RB1out_5F 0 0 0 0 60056.2 2.32855
W+2_RB2in_5F 0 0 0 0 24546 0.790541
W+2_RB1in_5F 0 0 0 0 70508.1 2.7338
W+2_RB4_5+B 0 1 0 0 198759 8.58711
W+2_RB3_5B 0 0 0 0 7091.18 0.409866
W+2_RB3_5F 0 0 0 0 9552.97 0.515552
W+2_RB4_5+F 0 0 0 0 205299 8.28168
W+2_RB2in_5B 0 0 0 0 15231 0.525368
W+2_RB1out_5B 4 0 0 0 46920.1 1.94839
W+2_RB1in_5B 0 0 0 0 68589 2.84821
W+2_RB2out_5B 1 0 0 0 10943.1 0.573802
W+2_RB2out_5F 0 1 1 0 18835.3 0.891418
W+2_RB2out_5C 0 0 0 0 17871.3 0.90758
W+2_RB1in_6B 0 0 0 0 78614.1 3.26451
W+2_RB1out_6B 0 0 0 0 48560 2.0165
W+2_RB2in_6B 0 0 0 0 19766.7 0.681819
W+2_RB1out_6F 0 0 0 0 55641.1 2.15737
W+2_RB2in_6F 0 0 0 0 20293.5 0.653585
W+2_RB1in_6F 0 0 0 0 72628.9 2.81603
W+2_RB4_6+F 0 0 0 0 151444 6.10916
W+2_RB3_6F 5 0 0 0 7092.04 0.382741
W+2_RB4_6+B 0 0 0 0 188583 8.14746
W+2_RB3_6B 0 0 0 0 5864.36 0.338957
W+2_RB2out_6F 0 8 0 0 12588.6 0.595782
W+2_RB2out_6B 0 0 0 0 14267.7 0.748127
W+2_RB2out_6C 0 0 0 0 14307.2 0.72658
W+2_RB2out_7C 0 0 0 0 14659.4 0.744464
W+2_RB2out_7F 0 0 0 0 11528.2 0.545595
W+2_RB2out_7B 0 0 0 0 7166.04 0.375752
W+2_RB3_7B 0 1 1 0 4409.15 0.254846
W+2_RB4_7+B 1 0 0 0 140522 6.07105
W+2_RB3_7F 0 0 0 0 4760.67 0.256923
W+2_RB4_7+F 0 0 0 0 114950 4.63702
W+2_RB1in_7B 0 0 0 0 82417.6 3.42246
W+2_RB1out_7B 0 0 0 0 65169.2 2.70621
W+2_RB2in_7B 0 0 0 0 16433.2 0.566832
W+2_RB2in_7F 0 0 0 0 20662.6 0.665472
W+2_RB1in_7F 0 0 0 0 92501.5 3.58655
W+2_RB1out_7F 0 0 0 0 58135.1 2.25407
W+2_RB1out_8B 0 0 0 0 74210.1 3.08164
W+2_RB2in_8B 0 0 0 0 12990.5 0.448083
W+2_RB1in_8B 1 0 0 0 103973 4.31758
W+2_RB4_8+F 0 1 1 0 64156.1 3.46236
W+2_RB3_8F 0 0 0 0 7285.33 0.393173
W+2_RB4_8+B 0 2 2 0 68752.9 3.97388
W+2_RB3_8B 0 0 0 0 5403.06 0.312294
W+2_RB2in_8F 0 0 0 0 28150.4 0.906627
W+2_RB1out_8F 0 0 0 0 85286.2 3.30679
W+2_RB1in_8F 0 0 0 0 122715 4.75801
W+2_RB2out_8B 0 0 0 0 22865.5 1.19895
W+2_RB2out_8F 0 0 0 0 27494.2 1.30122
W+2_RB2out_8C 1 0 0 0 32622.3 1.65669
W+2_RB4_9F 0 1 1 0 8229.38 0.331969
W+2_RB3_9F 0 0 0 0 5655.17 0.305197
W+2_RB1in_9F 0 0 0 0 10303.4 0.399491
W+2_RB2in_9F 0 0 0 0 47871.3 1.54177
W+2_RB1out_9F 0 0 0 0 76937.8 2.9831
W+2_RB4_9B 0 0 0 0 3575.65 0.154481
W+2_RB3_9B 0 0 0 0 6030.98 0.348587
W+2_RB2out_9F 0 0 0 0 13316.1 0.630211
W+2_RB2out_9C 0 0 0 0 13054.7 0.662973
W+2_RB2out_9B 0 0 0 0 7987.75 0.418838
W+2_RB2in_9B 0 0 0 0 48964.3 1.68894
W+2_RB1in_9B 0 19 18 0 150674 6.25684
W+2_RB1out_9B 1 0 0 0 60990.4 2.53268
191202  1334271661
W+2_RB2out_1C 14 0 0 0 15128.6 0.768295
W+2_RB2out_1F 0 1 0 0 12979.7 0.614291
W+2_RB2out_1B 0 0 0 0 8045.5 0.421866
W+2_RB1out_1F 0 0 0 0 35592.2 1.38001
W+2_RB2in_1F 0 0 0 0 12941.9 0.416814
W+2_RB1in_1F 0 0 0 0 58513.6 2.26874
W+2_RB1out_1B 0 26 24 0 42007.1 1.74438
W+2_RB2in_1B 0 0 0 0 12678.2 0.437311
W+2_RB1in_1B 0 0 0 0 56114.6 2.33021
W+2_RB3_1F 1 0 0 0 7593.61 0.40981
W+2_RB4_1+F 0 1 1 0 123691 4.98962
W+2_RB3_1B 0 0 0 0 11618.2 0.671523
W+2_RB4_1+B 0 0 0 0 189104 8.16996
W+2_RB4_2+B 0 0 0 0 131804 5.69442
W+2_RB3_2B 0 0 0 0 5453.39 0.315203
W+2_RB2out_2C 0 0 0 0 14690.5 0.746043
W+2_RB2out_2F 0 0 0 0 12258.5 0.580158
W+2_RB2out_2B 0 0 0 0 13864.8 0.727004
W+2_RB1in_2F 0 0 0 0 58536.1 2.26961
W+2_RB2in_2F 0 0 0 0 21813.6 0.702542
W+2_RB1out_2F 0 0 0 0 76668.2 2.97265
W+2_RB3_2F 0 0 0 0 8347.56 0.450499
W+2_RB4_2+F 0 0 0 0 145461 5.86782
W+2_RB2in_2B 0 1 0 0 13193.6 0.455091
W+2_RB1out_2B 0 0 0 0 68334 2.83763
W+2_RB1in_2B 0 0 0 0 67007.8 2.78255
W+2_RB2out_3B 0 0 0 0 14129.2 0.740865
W+2_RB2out_3C 0 0 0 0 25737 1.30703
W+2_RB2out_3F 0 0 0 0 25490 1.20637
W+2_RB1out_3B 0 1 0 0 60653.8 2.5187
W+2_RB1in_3B 0 0 0 0 60274.1 2.50293
W+2_RB2in_3B 0 0 0 0 22193.8 0.765536
W+2_RB4_3+B 0 0 0 0 211141 9.12206
W+2_RB3_3B 0 0 0 0 5026.82 0.290548
W+2_RB2in_3F 0 0 0 0 32881.5 1.059
W+2_RB1in_3F 0 1 0 0 95480 3.70204
W+2_RB1out_3F 0 0 0 0 64817.6 2.51317
W+2_RB4_3+F 0 0 0 0 212487 8.57161
W+2_RB3_3F 0 0 0 0 8790.98 0.474429
W+2_RB4_10+F 0 0 0 0 5005.84 0.161221
W+2_RB4_10-F 0 0 0 0 6432.76 0.207177
W+2_RB3_10F 0 0 0 0 3930.03 0.212095
W+2_RB1out_10F 0 0 0 0 50672.4 1.96472
W+2_RB2in_10F 0 1 0 0 21680.6 0.698257
W+2_RB1in_10F 0 0 0 0 112073 4.3454
W+2_RB1in_10B 0 0 0 0 97301.4 4.04052
W+2_RB2in_10B 1 1 0 0 16863.6 0.581679
W+2_RB1out_10B 0 0 0 0 48313.6 2.00626
W+2_RB2out_10B 0 0 0 0 8196.12 0.429764
W+2_RB2out_10F 6 0 0 0 12679.3 0.600072
W+2_RB2out_10C 0 0 0 0 11371.4 0.577488
W+2_RB4_10-B 0 0 0 0 3651.48 0.125951
W+2_RB3_10B 0 0 0 0 3841.02 0.222009
W+2_RB4_10+B 0 0 0 0 2952.13 0.101829
W+2_RB3_11F 0 0 0 0 4414.05 0.238216
W+2_RB4_11F 1 0 0 0 6283.23 0.253462
W+2_RB2in_11F 0 0 0 0 15246.5 0.491036
W+2_RB1out_11F 0 1 0 0 110395 4.28035
W+2_RB1in_11F 0 0 0 0 88213.8 3.42031
W+2_RB2out_11C 0 0 0 0 12423 0.630889
W+2_RB2out_11B 0 0 0 0 7484.1 0.392429
W+2_RB2out_11F 0 0 0 0 14441.2 0.683457
W+2_RB3_11B 0 0 0 0 2885.05 0.166754
W+2_RB4_11B 0 0 0 0 2878.43 0.124359
W+2_RB1in_11B 0 0 0 0 90081.4 3.7407
W+2_RB2in_11B 0 0 0 0 11950.6 0.412215
W+2_RB1out_11B 0 0 0 0 46656 1.93743
W+2_RB1out_12F 0 0 0 0 80965 3.13925
W+2_RB2in_12F 0 1 0 0 15209.2 0.489837
W+2_RB1in_12F 0 0 0 0 70770.1 2.74396
W+2_RB4_12+F 0 1 0 0 84883.6 3.42416
W+2_RB3_12F 0 0 0 0 4522.19 0.244052
W+2_RB1out_12B 0 0 0 0 84457.6 3.50717
W+2_RB2in_12B 0 1 0 0 11832.3 0.408135
W+2_RB1in_12B 5 0 0 0 75396.7 3.13091
W+2_RB4_12+B 0 0 0 0 90853.8 3.92521
W+2_RB3_12B 0 0 0 0 3265.33 0.188734
W+2_RB2out_12B 0 1 1 0 7847.72 0.411496
W+2_RB2out_12F 0 0 0 0 16347.4 0.773673
W+2_RB2out_12C 1 1 1 0 10463.9 0.5314
191202  1334271661
W-1_RB1out_4F 74 10 0 0 0 0
W-1_RB1in_4F 2 0 0 0 55016.1 2.13314
W-1_RB2out_4F 0 0 0 0 7407.26 0.238562
W-1_RB1in_4B 2 0 0 0 28213.3 1.17158
W-1_RB1out_4B 6 17 9 0 0 0
W-1_RB2out_4B 0 0 0 0 6680.12 0.230419
W-1_RB2in_4B 1 0 0 0 5207.14 0.273037
W-1_RB2in_4C 0 90 13 0 0 0
W-1_RB2in_4F 0 0 0 0 15912.4 0.753088
W-1_RB4_4-F 1 0 0 0 88687.7 4.78627
W-1_RB3_4F 0 0 0 0 22411.8 1.20951
W-1_RB4_4+F 0 0 0 0 82820.1 4.46961
W-1_RB4_4+B 1 0 0 0 92248.9 5.33194
W-1_RB3_4B 0 0 0 0 20058.6 1.15938
W-1_RB4_4-B 0 0 0 0 87215 5.04098
W-1_RB2in_5F 0 0 0 0 6642.01 0.314346
W-1_RB2in_5B 0 0 0 0 2581.83 0.135379
W-1_RB2in_5C 0 0 0 0 3795.45 0.192749
W-1_RB2out_5F 0 0 0 0 7954.42 0.256184
W-1_RB1out_5F 0 0 0 0 28798.7 1.11661
W-1_RB1in_5F 0 0 0 0 38317.3 1.48567
W-1_RB3_5F 42 0 0 0 2712.81 0.146404
W-1_RB4_5+F 0 1 0 0 137577 5.54979
W-1_RB3_5B 42 0 0 0 2693.54 0.155685
W-1_RB4_5+B 0 0 0 0 144936 6.26175
W-1_RB1in_5B 0 0 0 0 21063.6 0.874681
W-1_RB2out_5B 1 0 0 0 4958.6 0.171038
W-1_RB1out_5B 0 0 0 0 18950.9 0.78695
W-1_RB2in_6C 0 0 0 0 14481.3 0.73542
W-1_RB2in_6F 0 0 0 0 9313.94 0.440801
W-1_RB2in_6B 0 0 0 0 7645.65 0.4009
W-1_RB2out_6B 0 0 0 0 5549.99 0.191437
W-1_RB1out_6B 1 0 0 0 18857.1 0.783055
W-1_RB1in_6B 0 0 0 0 27009 1.12157
W-1_RB4_6+F 0 1 1 0 156792 6.3249
W-1_RB3_6F 0 0 0 0 2793.29 0.150748
W-1_RB4_6+B 0 0 0 0 221243 9.55849
W-1_RB3_6B 0 0 0 0 2213.01 0.127911
W-1_RB1in_6F 0 0 0 0 43273.6 1.67784
W-1_RB1out_6F 0 0 0 0 39835.4 1.54453
W-1_RB2out_6F 0 0 0 0 7069.37 0.22768
W-1_RB4_7+B 0 0 0 0 41701.3 1.80165
W-1_RB3_7B 0 0 0 0 2670.77 0.154369
W-1_RB1out_7F 0 0 0 0 33864 1.31301
W-1_RB2out_7F 0 0 0 0 7059.4 0.227359
W-1_RB1in_7F 0 0 0 0 35023.4 1.35796
W-1_RB2in_7F 0 0 0 0 6777.77 0.320771
W-1_RB2in_7B 1 0 0 0 3145.29 0.164924
W-1_RB2in_7C 0 0 0 0 4604.57 0.233839
W-1_RB2out_7B 0 0 0 0 3930.19 0.135565
W-1_RB1out_7B 0 0 0 0 18154 0.75386
W-1_RB1in_7B 0 1 1 0 20636.6 0.856953
W-1_RB3_7F 0 0 0 0 2338.11 0.126182
W-1_RB4_7+F 0 1 1 0 46674.8 1.88284
W-1_RB1out_8F 0 0 0 1 134872 5.22938
W-1_RB2out_8F 0 0 0 0 13685 0.440746
W-1_RB1in_8F 0 4 0 0 35765.1 1.38672
W-1_RB1in_8B 8 0 0 0 20470.4 0.850051
W-1_RB2out_8B 0 6 2 0 6792.54 0.234297
W-1_RB1out_8B 0 0 0 0 19388.8 0.805135
W-1_RB3_8B 0 1 1 0 4037.81 0.233383
W-1_RB4_8+B 0 0 0 0 77678.2 4.48976
W-1_RB3_8F 0 0 0 0 5956.13 0.321438
W-1_RB4_8+F 1 0 0 0 69245.6 3.73702
W-1_RB2in_8F 0 1 0 0 7944.67 0.375997
W-1_RB2in_8B 1 0 0 0 4434.47 0.232522
W-1_RB2in_8C 0 0 0 0 6355.79 0.322773
W-1_RB4_9B 1 0 0 0 3371.14 0.145645
W-1_RB3_9B 1 0 0 0 2390.68 0.13818
W-1_RB2out_9F 0 0 0 0 10228.6 0.329428
W-1_RB1out_9F 0 0 0 0 40382.8 1.56576
W-1_RB1in_9F 0 0 0 0 50166.4 1.9451
W-1_RB1in_9B 0 0 0 0 24413.7 1.0138
W-1_RB2out_9B 0 0 0 0 5935.79 0.204745
W-1_RB1out_9B 0 0 0 0 25551.1 1.06103
W-1_RB2in_9F 0 0 0 0 7638.26 0.361496
W-1_RB2in_9B 0 0 0 0 3645.6 0.191157
W-1_RB2in_9C 1 3 0 0 5783.75 0.293722
W-1_RB3_9F 0 0 0 0 2588.96 0.13972
W-1_RB4_9F 0 0 0 0 3023.96 0.121985
191202  1334271661
W-1_RB2in_1C 0 0 0 0 5312.86 0.269809
W-1_RB2in_1F 0 0 0 0 7095.63 0.335815
W-1_RB2in_1B 0 0 0 0 3522.6 0.184708
W-1_RB1out_1B 0 0 0 0 20188.9 0.83836
W-1_RB2out_1B 0 4 0 0 5494.67 0.189529
W-1_RB1in_1B 0 0 0 0 19473.1 0.808637
W-1_RB3_1F 1 0 0 0 2462.81 0.132912
W-1_RB4_1+F 0 0 0 0 65104.7 2.62629
W-1_RB1in_1F 1 0 0 0 38612.6 1.49712
W-1_RB2out_1F 0 0 0 0 7564.71 0.243633
W-1_RB1out_1F 0 0 0 0 33119.4 1.28413
W-1_RB3_1B 0 0 0 0 2509.11 0.145025
W-1_RB4_1+B 0 2 0 0 77643 3.35446
W-1_RB4_2+F 1 0 0 0 86562.4 3.49188
W-1_RB3_2F 0 0 0 0 3060.55 0.165171
W-1_RB1in_2F 0 0 0 0 35689.8 1.3838
W-1_RB1out_2F 0 0 0 0 45774.5 1.77481
W-1_RB2out_2F 1 0 0 0 8645.76 0.27845
W-1_RB1in_2B 1 0 0 0 26805 1.1131
W-1_RB2out_2B 0 2 1 0 4240.23 0.146259
W-1_RB1out_2B 0 1 1 0 38153.6 1.58436
W-1_RB3_2B 0 0 0 0 3047.18 0.176125
W-1_RB4_2+B 0 0 0 0 75311.8 3.25374
W-1_RB2in_2F 0 0 0 0 11659.2 0.551793
W-1_RB2in_2C 0 0 0 0 9908.92 0.503215
W-1_RB2in_2B 0 0 0 0 4958.57 0.260003
W-1_RB2in_3F 0 0 0 0 8380.24 0.514327
W-1_RB2in_3C 0 0 0 0 12530 0.636323
W-1_RB2in_3B 0 0 0 0 3894.06 0.273552
W-1_RB3_3F 0 0 0 0 3303.07 0.211145
W-1_RB4_3+F 0 0 0 0 111900 5.34675
W-1_RB2out_3B 0 4 0 0 4962.07 0.205425
W-1_RB1out_3B 2 0 0 0 18236.6 0.908906
W-1_RB1in_3B 4 0 0 0 23929.1 1.19262
W-1_RB3_3B 1 0 0 0 2863.53 0.198646
W-1_RB4_3+B 0 0 0 0 133352 6.91471
W-1_RB2out_3F 0 0 0 0 6291.46 0.240007
W-1_RB1in_3F 1 0 0 0 29144.2 1.33847
W-1_RB1out_3F 1 1 0 0 35737 1.64125
W-1_RB2in_10C 0 0 0 0 3460.25 0.175726
W-1_RB2in_10F 0 0 0 0 4628.48 0.219052
W-1_RB2in_10B 0 0 0 0 3614.29 0.189516
W-1_RB2out_10B 0 0 0 0 7791.89 0.268768
W-1_RB1in_10B 0 0 0 0 35948.6 1.49279
W-1_RB1out_10B 0 0 0 0 20059.5 0.832987
W-1_RB4_10+B 0 0 0 0 4850.9 0.167323
W-1_RB4_10-B 0 0 0 0 2943.92 0.101545
W-1_RB3_10B 1 0 0 0 3101.32 0.179255
W-1_RB4_10+F 0 0 0 0 6648.08 0.214111
W-1_RB3_10F 0 0 0 0 2791.38 0.150644
W-1_RB4_10-F 0 1 0 0 2669.33 0.0859699
W-1_RB2out_10F 0 0 0 0 9938.42 0.320082
W-1_RB1in_10F 0 0 0 0 51020.8 1.97823
W-1_RB1out_10F 0 0 0 0 31846.5 1.23478
W-1_RB4_11F 0 0 0 0 2746.74 0.110802
W-1_RB3_11F 0 23 6 0 8921.81 0.481489
W-1_RB1out_11B 0 0 0 0 20903.3 0.868027
W-1_RB1in_11B 0 0 0 0 26673.2 1.10763
W-1_RB2out_11B 0 0 0 0 5325.24 0.183685
W-1_RB2in_11C 0 0 0 0 7162.86 0.36376
W-1_RB2in_11F 0 0 0 0 6029.75 0.28537
W-1_RB2in_11B 0 4 0 0 4321.62 0.226604
W-1_RB4_11B 0 0 0 0 3243.66 0.140138
W-1_RB3_11B 1 33 12 0 2139.09 0.123638
W-1_RB2out_11F 0 0 0 0 8908.82 0.286922
W-1_RB1in_11F 0 0 0 0 43258.7 1.67727
W-1_RB1out_11F 0 0 0 0 30887.8 1.19761
W-1_RB1out_12B 0 0 0 0 15680.3 0.651137
W-1_RB2out_12B 0 0 0 0 12842.5 0.44298
W-1_RB1in_12B 0 0 0 0 19263.5 0.799932
W-1_RB4_12+B 21 0 0 0 12083.2 0.522039
W-1_RB3_12B 0 0 0 0 1672.54 0.0966719
W-1_RB3_12F 0 0 0 0 2013.09 0.108642
W-1_RB4_12+F 10 0 0 0 1350.45 0.0544765
W-1_RB1in_12F 0 0 0 0 27254 1.05672
W-1_RB1out_12F 0 0 0 0 23769.8 0.921624
W-1_RB2out_12F 0 0 0 0 15381.8 0.495396
W-1_RB2in_12B 1 0 0 0 5573.37 0.29224
W-1_RB2in_12F 0 0 0 0 8234.8 0.389728
W-1_RB2in_12C 0 0 0 0 8445.37 0.428891
191202  1334271661
W-2_RB1out_4F 0 0 0 0 69177.8 2.68223
W-2_RB1in_4F 0 0 0 0 72824.7 2.82363
W-2_RB2in_4F 0 0 0 0 20034.7 0.645249
W-2_RB2out_4F 0 0 0 0 12180.3 0.576455
W-2_RB2out_4C 0 0 0 0 9749.82 0.495136
W-2_RB2out_4B 8 0 0 0 8732.1 0.457869
W-2_RB3_4B 0 0 0 0 4315.11 0.249411
W-2_RB4_4-B 0 0 0 0 87823.6 5.07615
W-2_RB4_4+B 0 0 0 0 90341.5 5.22169
W-2_RB4_4+F 0 0 0 0 84146.6 4.5412
W-2_RB3_4F 3 0 0 0 6248.8 0.337233
W-2_RB4_4-F 0 0 0 0 90883.5 4.90477
W-2_RB1in_4B 0 1 1 0 65114.7 2.70394
W-2_RB2in_4B 0 0 0 0 19558.9 0.674648
W-2_RB1out_4B 1 0 0 0 44419.7 1.84456
W-2_RB4_5+F 0 1 1 0 146741 5.91947
W-2_RB3_5F 0 0 0 0 6388.56 0.344776
W-2_RB1in_5B 6 0 0 0 18334.5 0.761355
W-2_RB1out_5B 0 0 0 0 51760.6 2.1494
W-2_RB2in_5B 0 90 12 0 0 0
W-2_RB1out_5F 2 0 0 0 64867.1 2.51509
W-2_RB1in_5F 0 0 0 0 69744.8 2.70421
W-2_RB2in_5F 0 0 0 0 27483.4 0.885147
W-2_RB3_5B 2 0 0 0 4342.53 0.250996
W-2_RB4_5+B 0 0 0 0 121727 5.25905
W-2_RB2out_5F 0 0 0 0 18673.6 0.883767
W-2_RB2out_5B 0 0 0 0 13865.5 0.72704
W-2_RB2out_5C 0 0 0 0 22609.6 1.14821
W-2_RB4_6+B 0 0 0 0 84486.4 3.65012
W-2_RB3_6B 1 1 1 0 2931.05 0.169413
W-2_RB4_6+F 0 0 0 0 99484.6 4.01316
W-2_RB3_6F 0 0 0 0 1132.81 0.0611353
W-2_RB2out_6F 0 0 0 0 14115.6 0.66805
W-2_RB2out_6C 0 0 0 0 17774 0.902639
W-2_RB2out_6B 0 0 0 0 10656.6 0.558781
W-2_RB1out_6B 0 0 0 0 50710.5 2.10579
W-2_RB2in_6B 0 0 0 0 15727 0.542475
W-2_RB1in_6B 0 0 0 0 76608.2 3.18122
W-2_RB1in_6F 0 0 0 0 78800.8 3.05534
W-2_RB2in_6F 0 0 0 0 19414.7 0.625281
W-2_RB1out_6F 0 0 0 0 71952.6 2.78981
W-2_RB2out_7B 0 0 0 0 6682.58 0.350402
W-2_RB2out_7C 1 0 0 0 11575.3 0.58784
W-2_RB2out_7F 0 0 0 0 11921.7 0.564217
W-2_RB2in_7B 0 0 0 0 14866.9 0.512806
W-2_RB1in_7B 0 0 0 0 75219.1 3.12353
W-2_RB1out_7B 0 0 0 0 61051.5 2.53521
W-2_RB3_7B 1 0 0 0 5512.17 0.3186
W-2_RB4_7+B 0 0 0 0 55363.9 2.39192
W-2_RB2in_7F 7 0 0 0 31887.7 1.02699
W-2_RB1in_7F 1 0 0 0 71904.1 2.78793
W-2_RB1out_7F 0 0 0 0 60117.8 2.33094
W-2_RB3_7F 3 0 0 0 6388.07 0.34475
W-2_RB4_7+F 0 0 0 0 78273.6 3.15752
W-2_RB2out_8F 0 0 0 0 17784.5 0.841688
W-2_RB2out_8B 0 0 0 0 9852.28 0.516605
W-2_RB2out_8C 1 0 0 0 27065 1.37447
W-2_RB4_8+B 0 2 0 0 80263 4.63916
W-2_RB3_8B 0 0 0 0 2522.97 0.145826
W-2_RB1in_8B 0 0 0 0 68290.1 2.8358
W-2_RB1out_8B 0 0 0 0 54679.5 2.27061
W-2_RB2in_8B 0 0 0 0 15400.3 -15400.3
W-2_RB3_8F 0 0 0 0 4433.08 0.239243
W-2_RB4_8+F 0 0 0 0 60726.8 3.27729
W-2_RB2in_8F 0 0 0 0 15979.2 0.514634
W-2_RB1in_8F 1 0 0 0 89919.7 3.48645
W-2_RB1out_8F 0 0 0 0 23757.3 0.921139
W-2_RB2out_9F 0 0 0 0 9280.44 0.439215
W-2_RB2out_9C 0 0 0 0 9321.52 0.473385
W-2_RB2out_9B 0 0 0 0 7524.05 0.394524
W-2_RB4_9F 1 0 0 0 6679.31 0.26944
W-2_RB3_9F 0 0 0 0 3699.06 0.19963
W-2_RB1out_9F 0 0 0 0 62848.4 2.43682
W-2_RB1in_9F 1 0 0 0 66560.5 2.58075
W-2_RB2in_9F 0 0 0 0 27158.5 0.874681
W-2_RB1in_9B 0 0 0 0 59457.2 2.46901
W-2_RB1out_9B 1 0 0 0 49072 2.03776
W-2_RB2in_9B 0 0 0 0 16119.7 0.556021
W-2_RB3_9B 1 0 0 0 2409.6 0.139274
W-2_RB4_9B 0 0 0 0 852.583 0.0368347
191202  1334271661
W-2_RB1out_1B 0 0 0 0 42626.5 1.7701
W-2_RB2in_1B 0 0 0 0 12384.8 0.427192
W-2_RB1in_1B 0 0 0 0 54761.7 2.27402
W-2_RB3_1F 0 0 0 0 4325 0.23341
W-2_RB4_1+F 0 0 0 0 72049.2 2.90643
W-2_RB2out_1B 0 0 0 0 7205.5 0.377821
W-2_RB2out_1C 0 0 0 0 14330.4 0.727755
W-2_RB2out_1F 0 0 0 0 13364.6 0.632504
W-2_RB4_1+B 0 0 0 0 44722.2 1.93216
W-2_RB3_1B 1 0 0 0 3222.98 0.186287
W-2_RB1in_1F 1 0 0 0 24369.3 0.944867
W-2_RB2in_1F 0 0 0 0 21245.4 0.684239
W-2_RB1out_1F 0 0 0 0 54044.6 2.09547
W-2_RB4_2+B 5 0 0 0 106900 4.61846
W-2_RB3_2B 3 0 0 0 3108.53 0.179672
W-2_RB2out_2C 0 4 0 0 23145.4 1.17542
W-2_RB2out_2B 0 1 1 0 21127.7 1.10783
W-2_RB2out_2F 0 0 0 0 18471.9 0.874217
W-2_RB1in_2B 2 0 0 0 56031.2 2.32674
W-2_RB2in_2B 0 4 4 0 11083.3 0.382299
W-2_RB1out_2B 1 0 0 0 54659.6 2.26979
W-2_RB1in_2F 1 0 0 0 60215.6 2.33473
W-2_RB2in_2F 0 32 1 0 112877 3.63537
W-2_RB1out_2F 1 0 0 0 63697.9 2.46975
W-2_RB3_2F 0 0 0 0 4428.27 0.238984
W-2_RB4_2+F 1 0 0 0 133115 5.36979
W-2_RB2out_3F 1 0 0 0 14322.6 0.677846
W-2_RB2out_3C 0 0 0 0 16679.6 0.847057
W-2_RB2out_3B 0 0 0 0 9288.63 0.48705
W-2_RB3_3F 1 0 0 0 5618.91 0.30324
W-2_RB4_3+F 0 0 0 0 276909 11.1704
W-2_RB1out_3B 0 0 0 0 58085.3 2.41204
W-2_RB2in_3B 0 0 0 0 15587.4 0.53766
W-2_RB1in_3B 0 0 0 0 107968 4.48344
W-2_RB2in_3F 0 0 0 0 24054.2 0.774703
W-2_RB1in_3F 0 0 0 0 94708.2 3.67211
W-2_RB1out_3F 0 0 0 0 62015.2 2.40451
W-2_RB3_3B 1 0 0 0 3561.4 0.205847
W-2_RB4_3+B 0 0 0 0 336183 14.5243
W-2_RB4_10+F 0 0 0 0 5761.97 0.185573
W-2_RB4_10-F 0 0 0 0 5712.27 0.183972
W-2_RB3_10F 0 0 0 0 3124.24 0.168608
W-2_RB2out_10B 0 0 0 0 9477.53 0.496955
W-2_RB2out_10C 0 0 0 0 14356.1 0.729063
W-2_RB2out_10F 0 0 0 0 12545.6 0.593744
W-2_RB4_10+B 0 0 0 0 2902.69 0.100123
W-2_RB4_10-B 0 0 0 0 3929.33 0.135535
W-2_RB3_10B 0 0 0 0 2315.82 0.133853
W-2_RB2in_10F 0 0 0 0 12274.8 0.395329
W-2_RB1in_10F 0 4 0 0 111225 4.31254
W-2_RB1out_10F 0 0 0 0 66560 2.58073
W-2_RB2in_10B 0 0 0 0 11173.4 0.385408
W-2_RB1in_10B 0 0 0 0 75536.7 3.13672
W-2_RB1out_10B 0 4 0 0 51663.3 2.14536
W-2_RB2out_11B 0 0 0 0 7584.42 0.39769
W-2_RB2out_11F 1 0 0 0 12056.5 0.570599
W-2_RB2out_11C 0 0 0 0 16970.8 0.861847
W-2_RB4_11B 0 0 0 0 3073.44 0.132784
W-2_RB3_11B 0 0 0 0 3626.46 0.209607
W-2_RB1out_11B 6 0 0 0 58168.6 2.4155
W-2_RB2in_11B 1 0 0 0 20969.9 0.723321
W-2_RB1in_11B 10 0 0 0 69904.9 2.90286
W-2_RB4_11F 0 0 0 0 7410.8 0.298948
W-2_RB3_11F 1 0 0 0 3605.31 0.19457
W-2_RB2in_11F 1 0 0 0 22852.3 0.735994
W-2_RB1in_11F 0 0 0 0 72020.2 2.79243
W-2_RB1out_11F 0 0 0 0 62000.5 2.40394
W-2_RB4_12+F 0 0 0 0 65723.7 2.65126
W-2_RB3_12F 1 0 0 0 3863.75 0.208518
W-2_RB1out_12F 2 4 0 0 0 0
W-2_RB1in_12F 0 0 0 0 97822.6 3.79287
W-2_RB2in_12F 0 0 0 0 26571.7 0.855782
W-2_RB3_12B 0 2 1 0 2655.4 0.153481
W-2_RB4_12+B 0 0 0 0 81854.1 3.53639
W-2_RB2out_12C 0 0 0 0 21339.5 1.08371
W-2_RB2out_12B 0 0 0 0 8305.85 0.435518
W-2_RB2out_12F 0 0 0 0 14988.7 0.709368
W-2_RB1in_12B 0 0 0 0 76602.7 3.18099
W-2_RB1out_12B 2 2 1 0 0 0
W-2_RB2in_12B 0 0 0 0 23052.6 0.795157
191202  1334271661
W0_RB2in_4F 0 0 0 0 3380.23 0.159976
W0_RB2in_4C 0 0 0 0 4475.25 0.227271
W0_RB2in_4B 0 0 0 0 6437.03 0.337526
W0_RB2out_4B 3 0 0 0 2917.18 0.100623
W0_RB1out_4B 0 1 1 0 12820.7 0.53239
W0_RB1in_4B 0 0 0 0 9861.73 0.409517
W0_RB3_4F 1 0 0 0 5597.02 0.302058
W0_RB4_4-F 0 0 0 0 83954.9 4.53085
W0_RB4_4+F 1 0 0 0 99228.7 5.35515
W0_RB1out_4F 0 1 1 0 12944.6 0.501901
W0_RB2out_4F 0 0 0 0 3561.37 0.114699
W0_RB1in_4F 0 0 0 0 10896.4 0.422486
W0_RB4_4+B 0 0 0 0 108030 6.24408
W0_RB4_4-B 0 0 0 0 84435.7 4.88034
W0_RB3_4B 0 0 0 0 6866.42 0.396875
W0_RB2in_5B 0 0 0 0 3538.56 0.185545
W0_RB2in_5F 0 90 32 0 0 0
W0_RB2in_5C 0 0 0 0 3719.28 0.18888
W0_RB4_5+B 2 0 0 0 150247 6.4912
W0_RB3_5B 0 0 0 0 2740.92 0.158423
W0_RB2out_5F 0 0 0 0 6368.15 0.205096
W0_RB1in_5F 0 0 0 0 14278.5 0.553619
W0_RB1out_5F 0 0 0 0 9964.81 0.386365
W0_RB3_5F 0 0 0 0 1988.04 0.10729
W0_RB4_5+F 0 0 0 0 115647 4.66513
W0_RB1in_5B 1 0 0 0 10430.4 0.43313
W0_RB2out_5B 0 0 0 0 5953.09 0.205341
W0_RB1out_5B 0 0 0 0 10704.6 0.444516
W0_RB1out_6F 0 0 0 0 11693.3 0.453384
W0_RB1in_6F 1 0 0 0 15408.9 0.59745
W0_RB2out_6F 1 0 0 0 12620.5 0.406463
W0_RB4_6+B 0 0 0 0 74486.8 3.2181
W0_RB3_6B 1 0 0 0 2273.22 0.131391
W0_RB1in_6B 0 0 0 0 11581.7 0.480939
W0_RB2out_6B 0 0 0 0 7428.87 0.256246
W0_RB1out_6B 1 0 0 0 10176.3 0.422579
W0_RB2in_6F 0 0 0 0 4209.72 0.199233
W0_RB2in_6B 0 0 0 0 3454.58 0.181141
W0_RB2in_6C 0 0 0 0 3954.16 0.200808
W0_RB3_6F 1 0 0 0 2101.88 0.113434
W0_RB4_6+F 0 0 0 0 67994.3 2.74285
W0_RB4_7+F 0 0 0 0 25292 1.02027
W0_RB3_7F 0 1 1 0 4297.47 0.231924
W0_RB2in_7C 0 0 0 0 2415.04 0.122646
W0_RB2in_7B 0 0 0 0 2206.26 0.115685
W0_RB2in_7F 0 0 0 0 2790.44 0.132063
W0_RB4_7+B 0 0 0 0 40964.8 1.76983
W0_RB3_7B 0 0 0 0 2150.23 0.124282
W0_RB2out_7F 1 1 0 0 6209.89 0.199999
W0_RB1in_7F 0 0 0 0 8932.87 0.346353
W0_RB1out_7F 0 0 0 0 8779.54 0.340408
W0_RB2out_7B 3 0 0 0 1255.11 0.0432929
W0_RB1in_7B 0 0 0 0 9113.91 0.378463
W0_RB1out_7B 0 0 0 0 8022.55 0.333143
W0_RB1out_8F 0 0 0 0 14177.2 0.54969
W0_RB2out_8F 2 10 3 0 40876.1 1.31648
W0_RB1in_8F 0 0 0 0 11038.3 0.427988
W0_RB3_8F 0 0 0 0 2479.88 0.133834
W0_RB4_8+F 0 0 0 0 32676.6 1.76348
W0_RB1out_8B 1 0 0 0 10298.2 0.42764
W0_RB1in_8B 1 0 0 0 9536.02 0.395991
W0_RB2out_8B 0 0 0 0 23597 0.813938
W0_RB4_8+B 0 5 5 0 24734.7 1.42965
W0_RB3_8B 0 0 0 0 3538.44 0.20452
W0_RB2in_8C 0 0 0 0 5647.31 0.286794
W0_RB2in_8B 0 0 0 0 3689.46 0.193457
W0_RB2in_8F 1 0 0 0 4635.47 0.219383
W0_RB2in_9C 0 0 0 0 3369.06 0.171095
W0_RB2in_9F 0 1 0 0 4913.67 0.232549
W0_RB2in_9B 0 0 0 0 3363.19 0.176349
W0_RB4_9F 0 0 0 0 2753.95 0.111093
W0_RB3_9F 0 0 0 0 2461.14 0.132822
W0_RB1in_9B 0 0 0 0 16525.6 0.68624
W0_RB1out_9B 1 0 0 0 7516.43 0.312126
W0_RB2out_9B 0 1 1 0 3828.05 0.132042
W0_RB1in_9F 0 1 0 0 13412.8 0.520053
W0_RB1out_9F 0 0 0 0 9565.9 0.370898
W0_RB2out_9F 0 1 0 0 3914.38 0.126069
W0_RB3_9B 0 0 0 0 2803.41 0.162036
W0_RB4_9B 1 0 0 0 2848.45 0.123063
191202  1334271661
W0_RB4_1+F 0 0 0 0 42908 1.73089
W0_RB3_1F 1 0 0 0 3228.36 0.174227
W0_RB2out_1F 0 0 0 0 4662.36 0.150158
W0_RB1in_1F 1 0 0 0 11594.2 0.449539
W0_RB1out_1F 0 0 0 0 8003.07 0.310302
W0_RB2in_1C 0 1 0 0 2229.54 0.113225
W0_RB2in_1F 0 0 0 0 3272.23 0.154865
W0_RB2in_1B 0 1 1 0 2134.53 0.111924
W0_RB4_1+B 0 0 0 0 49168.4 2.12425
W0_RB3_1B 0 1 1 0 2523.29 0.145845
W0_RB1in_1B 0 1 0 0 10230.6 0.424834
W0_RB2out_1B 0 1 0 0 5803.06 0.200166
W0_RB1out_1B 0 0 0 0 7321.36 0.304026
W0_RB4_2+F 0 0 0 0 107521 4.33734
W0_RB3_2F 0 0 0 0 9470.04 0.511076
W0_RB3_2B 2 0 0 0 4456.52 0.257584
W0_RB4_2+B 1 0 0 0 91076.6 3.93484
W0_RB2in_2B 0 1 1 0 3716.65 0.194883
W0_RB2in_2C 0 0 0 0 6431.27 0.326606
W0_RB2in_2F 0 0 0 0 3869.52 0.183132
W0_RB1in_2B 0 1 1 0 11248.3 0.467093
W0_RB2out_2B 0 1 1 0 5174.65 0.17849
W0_RB1out_2B 0 1 1 0 11947.7 0.496139
W0_RB2out_2F 0 0 0 0 4873.62 0.156962
W0_RB1in_2F 0 0 0 0 13483.2 0.522783
W0_RB1out_2F 0 0 0 0 15691.6 0.608407
W0_RB1out_3B 0 0 0 0 9293.91 0.385937
W0_RB1in_3B 0 0 0 0 11714.6 0.486459
W0_RB2out_3B 0 0 0 0 5063.83 0.174668
W0_RB2out_3F 1 0 0 0 5507.83 0.177388
W0_RB1out_3F 0 0 0 0 10512.5 0.4076
W0_RB1in_3F 0 0 0 0 11601.5 0.449824
W0_RB4_3+F 0 0 0 0 124845 5.03619
W0_RB3_3F 5 8 0 0 2975.83 0.160599
W0_RB2in_3B 8 0 0 0 3662.27 0.192031
W0_RB2in_3F 1 8 0 0 5758.97 0.272555
W0_RB2in_3C 0 0 0 0 4451.93 0.226087
W0_RB3_3B 0 1 1 0 4023.39 0.23255
W0_RB4_3+B 0 1 1 0 152826 6.60263
W0_RB4_10+B 0 0 0 0 3042.81 0.104956
W0_RB3_10B 0 1 0 0 1651.86 0.0954767
W0_RB4_10-B 0 0 0 0 2524 0.0870608
W0_RB1in_10B 0 0 0 0 11435.9 0.474883
W0_RB2out_10B 0 0 0 0 5663.79 0.195362
W0_RB1out_10B 0 0 0 0 11892.1 0.49383
W0_RB2in_10C 0 0 0 0 4148.31 0.210668
W0_RB2in_10B 0 0 0 0 4378.16 0.229569
W0_RB2in_10F 0 0 0 0 3857.72 0.182574
W0_RB4_10-F 0 0 0 0 2283.21 0.0735343
W0_RB3_10F 1 1 1 0 5641.9 0.30448
W0_RB4_10+F 0 0 0 0 2712.44 0.0873584
W0_RB1in_10F 0 0 0 0 11577.2 0.448884
W0_RB2out_10F 6 0 0 0 6723.16 0.21653
W0_RB1out_10F 0 0 0 0 10314.5 0.399925
W0_RB2out_11F 0 1 1 0 10761.7 0.346598
W0_RB1out_11F 0 0 0 0 15184.7 0.588756
W0_RB1in_11F 0 1 1 0 16449.6 0.637797
W0_RB3_11F 1 15 2 0 2093.21 0.112965
W0_RB4_11F 0 0 0 0 2078.19 0.0838332
W0_RB2in_11B 0 90 46 0 0 0
W0_RB2in_11F 0 0 0 0 5009.89 0.237103
W0_RB2in_11C 0 90 47 0 0 0
W0_RB4_11B 0 1 0 0 2261.39 0.0977002
W0_RB3_11B 0 0 0 0 2412.77 0.139457
W0_RB1in_11B 0 0 0 0 17030.7 0.707215
W0_RB2out_11B 0 0 0 0 11401.8 0.393283
W0_RB1out_11B 0 0 0 0 11096.3 0.460784
W0_RB4_12+B 0 2 1 0 37289.5 1.61104
W0_RB3_12B 1 1 1 0 3027.96 0.175015
W0_RB2in_12C 0 1 0 0 4392.76 0.223082
W0_RB2in_12F 0 1 0 0 3139.15 0.148566
W0_RB2in_12B 0 1 0 0 2522.1 0.132246
W0_RB1in_12B 1 0 0 0 11772.7 0.488872
W0_RB2out_12B 0 84 29 0 0 0
W0_RB1out_12B 0 0 0 0 6899.87 0.286523
W0_RB2out_12F 0 84 4 0 0 0
W0_RB1in_12F 0 0 0 0 13514.5 0.523997
W0_RB1out_12F 0 0 0 0 9512.45 0.368825
W0_RB3_12F 0 1 0 0 3408.71 0.18396
W0_RB4_12+F 0 2 2 0 36466.5 1.47104
191202  1334271661
RE-2_3_12 0 0 0 0 16714.6 0.848146
RE-2_3_11 0 0 0 0 1631.06 0.0827649
RE-2_3_13 1 0 0 0 25168.4 1.27712
RE-1_3_10 93 2 0 0 0 0
RE-1_3_11 0 0 0 0 8249.79 0.460706
RE-1_3_09 0 0 0 0 8244.87 0.460431
RE-1_2_10 0 0 0 0 19153.5 1.62771
RE-1_2_11 0 0 0 0 15591.6 1.32501
RE-1_2_09 0 0 0 0 15191.1 1.29097
RE-2_2_13 0 0 0 0 70893.6 5.97516
RE-2_2_11 0 0 0 0 64439.5 5.43119
RE-2_2_12 0 0 0 0 59607.7 5.02394
RE-1_2_13 0 0 0 0 15127.1 1.28553
RE-1_2_12 0 0 0 0 19926.7 1.69341
RE-1_2_14 0 0 0 0 17349.3 1.47438
RE-2_2_14 0 1 0 0 80180.7 6.75791
RE-2_2_15 0 2 0 0 73712.7 6.21277
RE-2_2_16 0 1 0 0 64307.6 5.42007
RE-1_3_13 0 0 0 0 8017.33 0.447724
RE-1_3_12 0 0 0 0 7778.61 0.434393
RE-1_3_14 0 0 0 0 3144.6 0.175609
RE-2_3_16 0 0 0 0 19253.4 0.976975
RE-2_3_14 0 0 0 0 18138.2 0.920382
RE-2_3_15 0 0 0 0 19673.5 0.99829
RE-1_2_16 0 0 0 0 18135.6 1.5412
RE-1_2_15 0 0 0 0 18334.3 1.55809
RE-1_2_17 0 0 0 0 14138.4 1.20152
RE-2_3_18 0 0 0 0 17913.4 0.908977
RE-2_3_19 0 0 0 0 25554.5 1.29671
RE-2_3_17 0 0 0 0 31355.8 1.59108
RE-2_2_18 0 0 0 0 58331.6 4.91639
RE-2_2_19 0 0 0 0 77558 6.53686
RE-2_2_17 0 0 0 0 93293 7.86306
RE-1_3_16 0 0 0 0 3732.78 0.208456
RE-1_3_17 0 0 0 0 8125.36 0.453758
RE-1_3_15 0 0 0 0 4444 0.248173
RE-1_3_19 0 0 0 0 7449.86 0.416034
RE-1_3_18 0 0 0 0 5350.28 0.298784
RE-1_3_20 0 0 0 0 6032.13 0.336862
RE-2_2_21 0 0 0 0 72384.8 6.10084
RE-2_2_22 0 0 0 0 80875.3 6.81645
RE-2_2_20 1 0 0 0 71989.6 6.06753
RE-1_2_18 0 1 0 0 16934.1 1.4391
RE-1_2_19 0 0 0 0 16609.1 1.41148
RE-1_2_20 0 0 0 0 16672.1 1.41684
RE-2_3_20 0 0 0 0 26533.7 1.3464
RE-2_3_22 0 0 0 0 22695.7 1.15165
RE-2_3_21 0 0 0 0 17394.8 0.882664
RE-2_2_24 0 0 0 0 67398.4 5.68057
RE-2_2_23 1 1 1 0 65250.6 5.49955
RE-2_2_25 0 1 1 0 78424 6.60985
RE-1_2_22 0 0 0 0 17824 1.51473
RE-1_2_23 0 0 0 0 13821.6 1.17459
RE-1_2_21 0 0 0 0 18747.7 1.59322
RE-2_3_23 0 0 0 0 19037.7 0.966027
RE-2_3_24 0 0 0 0 18158.3 0.921405
RE-2_3_25 0 0 0 0 16334.4 0.828854
RE-1_3_21 1 0 0 0 4926.56 0.275122
RE-1_3_23 0 0 0 0 2678.78 0.149595
RE-1_3_22 0 0 0 0 5161.47 0.28824
RE-2_2_28 2 0 0 0 81276.3 6.85025
RE-2_2_27 0 0 0 0 67470.4 5.68664
RE-2_2_26 0 1 0 0 74501.6 6.27926
RE-1_3_25 0 0 0 0 4354.31 0.243164
RE-1_3_24 0 0 0 0 4717.84 0.263466
RE-1_3_26 0 0 0 0 4300.58 0.240164
RE-1_2_26 1 0 0 0 17449.1 1.48287
RE-1_2_24 0 0 0 0 14521.3 1.23406
RE-1_2_25 0 0 0 0 12897.7 1.09608
RE-2_3_26 0 0 0 0 18025.1 0.914646
RE-2_3_27 0 0 0 0 12952.7 0.657256
RE-2_3_28 0 0 0 0 12647.8 0.641788
191202  1334271661
RE-2_3_04 0 0 0 0 30177 1.53127
RE-2_3_03 0 0 0 0 25856.1 1.31201
RE-2_3_02 0 0 0 0 24788.5 1.25784
RE-1_2_02 0 0 0 0 21199.6 1.80159
RE-1_2_36 0 1 1 0 20032.5 1.7024
RE-1_2_01 0 0 0 0 16766.2 1.42483
RE-2_2_04 0 0 0 0 44936.6 3.78742
RE-2_2_02 0 1 1 0 80133.1 6.7539
RE-2_2_03 0 0 0 0 72135.3 6.07982
RE-1_3_36 0 1 0 0 7463.39 0.41679
RE-1_3_02 0 0 0 0 6480.53 0.361902
RE-1_3_01 0 0 0 0 4945.71 0.276191
RE-1_2_04 0 0 0 0 18870.7 1.60367
RE-1_2_03 0 0 0 0 15016.8 1.27616
RE-1_2_05 0 0 0 0 16181.7 1.37516
RE-1_3_04 0 0 0 0 9544.04 0.532983
RE-1_3_05 0 0 0 0 6915.99 0.386221
RE-1_3_03 0 0 0 0 6039.18 0.337256
RE-2_2_07 0 0 0 0 63992.4 5.3935
RE-2_2_05 0 0 0 0 67865.2 5.71991
RE-2_2_06 0 0 0 0 57664.8 4.86019
RE-2_3_05 0 0 0 0 53193.1 2.69917
RE-2_3_07 0 0 0 0 26547.5 1.3471
RE-2_3_06 0 1 1 0 24886.1 1.26279
RE-1_2_07 0 0 0 0 13655.4 1.16047
RE-1_2_06 0 0 0 0 18703.5 1.58947
RE-1_2_08 0 0 0 0 24710.5 2.09996
RE-2_3_08 0 0 0 0 21375.2 1.08464
RE-2_3_09 0 0 0 0 27168.9 1.37863
RE-2_3_10 0 0 0 0 30004.9 1.52254
RE-2_2_10 0 0 0 0 78529.9 6.61877
RE-2_2_08 0 0 0 0 65560.9 5.5257
RE-2_2_09 0 0 0 0 76666.2 6.4617
RE-1_3_08 0 0 0 0 6333.57 0.353695
RE-1_3_06 0 0 0 0 6981.94 0.389904
RE-1_3_07 0 0 0 0 6509.14 0.3635
RE-1_3_29 0 0 0 0 5449.71 0.304337
RE-1_3_28 0 0 0 0 1607.62 0.0897767
RE-1_3_27 0 0 0 0 4620.11 0.258008
RE-1_2_29 1 1 0 0 17205.4 1.46216
RE-1_2_27 0 0 0 0 14191.2 1.206
RE-1_2_28 0 1 0 0 15741.7 1.33777
RE-2_3_31 0 1 0 0 20744.2 1.05262
RE-2_3_29 0 0 0 0 14152.6 0.718145
RE-2_3_30 0 0 0 0 17702.9 0.898298
RE-2_2_31 0 2 1 0 74291.8 6.26157
RE-2_2_29 0 0 0 0 83163.3 7.00929
RE-2_2_30 0 0 0 0 66703 5.62196
RE-2_2_33 0 0 0 0 72095.6 6.07647
RE-2_2_34 0 0 0 0 64954.1 5.47456
RE-2_2_32 4 0 0 0 56329.6 4.74766
RE-1_3_32 8 0 0 0 5846.39 0.326489
RE-1_3_30 0 0 0 0 5795.01 0.32362
RE-1_3_31 0 0 0 0 2888.51 0.161308
RE-2_3_33 4 0 0 0 23219.6 1.17823
RE-2_3_32 4 0 0 0 17002 0.862732
RE-2_3_34 0 0 0 0 22585.4 1.14605
RE-1_2_32 0 0 0 0 18586 1.57948
RE-1_2_31 0 0 0 0 7520.83 0.639137
RE-1_2_30 0 1 1 0 21249.7 1.80585
RE-1_3_33 0 0 0 0 4904.28 0.273877
RE-1_3_34 0 1 0 0 6265.01 0.349867
RE-1_3_35 0 1 0 0 4871.36 0.272039
RE-2_3_36 0 0 0 0 19306.2 0.979654
RE-2_3_01 0 2 1 0 21451.1 1.08849
RE-2_3_35 0 0 0 0 19744.2 1.00188
RE-2_2_36 0 2 0 0 55217.4 4.65392
RE-2_2_35 0 0 0 0 67745.5 5.70982
RE-2_2_01 0 1 0 0 72460.2 6.10719
RE-1_2_35 0 0 0 0 14794.4 1.25727
RE-1_2_33 0 0 0 0 14121.7 1.2001
RE-1_2_34 0 0 0 0 21206 1.80213
191202  1334271661
RE-3_2_12 0 0 0 0 50715.8 4.27451
RE-3_2_14 0 0 0 0 38634.5 3.25625
RE-3_2_13 0 0 0 0 58670.6 4.94496
RE-3_3_12 0 0 0 0 45162 2.29165
RE-3_3_14 0 0 0 0 34194.4 1.73512
RE-3_3_13 0 0 0 0 36024.8 1.828
RE-3_3_09 0 0 0 0 52529.9 2.66552
RE-3_3_11 0 0 0 0 50389.1 2.55689
RE-3_3_10 0 0 0 0 57173.6 2.90115
RE-3_2_09 1 0 0 0 49643.8 4.18415
RE-3_2_11 0 1 0 0 50987.4 4.29739
RE-3_2_10 0 0 0 0 53215.8 4.48521
RE-3_2_16 0 0 0 0 35191.8 2.96609
RE-3_2_17 0 0 0 0 46736.9 3.93915
RE-3_2_15 0 0 0 0 10326 0.870311
RE-3_3_17 1 0 0 0 33725.5 1.71133
RE-3_3_16 0 0 0 0 37601.8 1.90802
RE-3_3_15 0 0 0 0 35286.8 1.79055
RE-3_3_20 0 0 0 0 26882.5 1.36409
RE-3_3_18 0 0 0 0 34459.4 1.74857
RE-3_3_19 0 0 0 0 38083 1.93244
RE-3_2_20 2 0 0 0 61561.1 5.18859
RE-3_2_18 0 0 0 0 34816.5 2.93445
RE-3_2_19 0 0 0 0 44800.1 3.77591
RE-3_3_24 0 0 0 0 25807.2 1.30953
RE-3_3_26 0 0 0 0 37363.4 1.89593
RE-3_3_25 0 0 0 0 27756.1 1.40843
RE-3_2_26 0 0 0 0 51675.8 4.35542
RE-3_2_25 0 0 0 0 48128.3 4.05642
RE-3_2_24 0 0 0 0 44597.7 3.75885
RE-3_2_23 0 0 0 0 21312.5 1.79629
RE-3_2_21 0 0 0 0 47388.3 3.99405
RE-3_2_22 0 0 0 0 29594.7 2.49434
RE-3_3_23 1 0 0 0 20878.6 1.05944
RE-3_3_21 0 0 0 0 32049.8 1.6263
RE-3_3_22 0 0 0 0 17629 0.894548
191202  1334271661
RE-3_2_35 0 0 0 0 42659.7 3.59551
RE-3_2_34 0 0 0 0 43460.4 3.66299
RE-3_2_33 0 1 1 0 48267.9 4.06819
RE-3_3_33 0 0 0 0 27937.5 1.41763
RE-3_3_34 0 0 0 0 26878.7 1.36391
RE-3_3_35 0 0 0 0 31357.3 1.59116
RE-3_2_01 1 2 2 0 42930.5 3.61833
RE-3_2_36 0 0 0 0 45699.4 3.85171
RE-3_2_02 1 0 0 0 48824.4 4.11509
RE-3_3_02 0 0 0 0 38597.9 1.95857
RE-3_3_01 0 0 0 0 28057.3 1.42371
RE-3_3_36 0 0 0 0 28547.3 1.44857
RE-3_3_04 0 0 0 0 33281.3 1.68879
RE-3_3_03 0 0 0 0 28366.7 1.43941
RE-3_3_05 1 0 0 0 34316.5 1.74132
RE-3_2_06 0 0 0 0 39653.7 3.34215
RE-3_2_07 0 1 1 0 45238.9 3.8129
RE-3_2_08 0 0 0 0 53122 4.4773
RE-3_3_07 0 0 0 0 32345.3 1.64129
RE-3_3_08 0 0 0 0 43074.7 2.18574
RE-3_3_06 0 0 0 0 40372.2 2.0486
RE-3_2_03 0 0 0 0 45571.4 3.84092
RE-3_2_04 0 0 0 0 42208.2 3.55745
RE-3_2_05 0 0 0 0 40162.7 3.38505
RE-3_3_31 0 0 0 0 19763.5 1.00286
RE-3_3_32 0 2 2 0 23990.9 1.21737
RE-3_3_30 0 0 0 0 37191.2 1.88719
RE-3_2_27 0 0 0 0 48743.5 4.10828
RE-3_2_29 0 1 1 0 52267.9 4.40532
RE-3_2_28 1 0 0 0 57368.6 4.83523
RE-3_3_27 0 0 0 0 37763.9 1.91625
RE-3_3_28 0 0 0 0 17308.6 0.878289
RE-3_3_29 0 0 0 0 34886.5 1.77024
RE-3_2_30 0 0 0 0 44520.1 3.75231
RE-3_2_32 1 1 1 0 45208.4 3.81032
RE-3_2_31 0 0 0 0 17857.8 1.50511
191202  1334271661
RE+1_3_11 0 0 0 0 11024.5 0.61566
RE+1_3_10 2 0 0 0 9463.82 0.528503
RE+1_3_09 0 0 0 0 10092.5 0.563609
RE+2_2_12 0 0 0 0 41545.9 3.50164
RE+2_2_13 0 0 0 0 31654.8 2.66798
RE+2_2_11 0 0 0 0 46453.3 3.91524
RE+2_3_11 0 0 0 0 17279.5 0.876812
RE+2_3_12 0 0 0 0 19607.5 0.99494
RE+2_3_13 0 0 0 0 23617.1 1.1984
RE+1_2_11 96 0 0 0 0 0
RE+1_2_10 0 2 0 0 24928.4 2.11847
RE+1_2_09 0 2 0 0 11412.7 0.969882
RE+2_2_14 0 0 0 0 49123.3 4.14028
RE+2_2_15 0 0 0 0 24751 2.0861
RE+2_2_16 0 0 0 0 46055.3 3.8817
RE+2_3_15 0 0 0 0 11818.5 0.599707
RE+2_3_14 0 0 0 0 28695.4 1.45609
RE+2_3_16 0 0 0 0 22600.3 1.14681
RE+1_2_13 0 0 0 0 13836 1.17581
RE+1_2_14 1 0 0 0 25143.9 2.13678
RE+1_2_12 0 0 0 0 20497.8 1.74195
RE+1_3_14 96 0 0 0 0 0
RE+1_3_13 0 0 0 0 11291 0.630539
RE+1_3_12 0 0 0 0 8636.51 0.482302
RE+2_2_18 0 0 0 0 44215.8 3.72666
RE+2_2_17 0 0 0 0 47755.9 4.02504
RE+2_2_19 0 0 0 0 46997.4 3.96111
RE+2_3_19 0 0 0 0 22714.8 1.15262
RE+2_3_18 1 0 0 0 18259.2 0.926527
RE+2_3_17 0 0 0 0 29402.2 1.49195
RE+1_3_15 0 0 0 0 8556.08 0.477811
RE+1_3_16 0 0 0 0 7198.63 0.402005
RE+1_3_17 0 0 0 0 8502.09 0.474796
RE+1_2_15 0 0 0 0 18999.7 1.61464
RE+1_2_17 0 0 0 0 22369.8 1.90104
RE+1_2_16 1 0 0 0 24984.1 2.12321
RE+1_3_18 0 0 0 0 8363.38 0.46705
RE+1_3_19 0 0 0 0 3551.7 0.198343
RE+1_3_20 0 0 0 0 9641.34 0.538417
RE+2_2_21 0 0 0 0 46224.3 3.89594
RE+2_2_22 53 0 0 0 2.36513 0.000199341
RE+2_2_20 0 0 0 0 42527.4 3.58436
RE+1_2_18 1 2 1 0 17493.5 1.48664
RE+1_2_19 0 0 0 0 18506.8 1.57275
RE+1_2_20 0 0 0 0 14007.9 1.19043
RE+2_3_20 0 0 0 0 24862.3 1.26158
RE+2_3_22 0 0 0 0 21359.3 1.08383
RE+2_3_21 0 0 0 0 15419.9 0.78245
RE+2_3_24 0 0 0 0 13607.7 0.690493
RE+2_3_25 0 0 0 0 14713.9 0.746627
RE+2_3_23 0 0 0 0 9193.78 0.466519
RE+1_3_21 0 0 0 0 8085.6 0.451537
RE+1_3_23 0 0 0 0 7598.12 0.424314
RE+1_3_22 0 0 0 0 4947.01 0.276263
RE+1_2_22 0 0 0 0 20561.2 1.74734
RE+1_2_21 0 0 0 0 21720.1 1.84583
RE+1_2_23 0 0 0 0 23289.3 1.97918
RE+2_2_23 0 0 0 0 35344.8 2.97898
RE+2_2_24 0 0 0 0 39768.7 3.35184
RE+2_2_25 0 0 0 0 42783.4 3.60593
RE+2_3_26 0 0 0 0 23052.6 1.16976
RE+2_3_27 0 0 0 0 10529.7 0.534306
RE+2_3_28 0 0 0 0 11345.4 0.575697
RE+2_2_28 0 0 0 0 40425.6 3.40721
RE+2_2_27 0 0 0 0 29956.4 2.52483
RE+2_2_26 0 0 0 0 41933.6 3.53431
RE+1_2_24 0 0 0 0 16134.7 1.37117
RE+1_2_25 11 0 0 0 19103.6 1.62347
RE+1_2_26 0 0 0 0 16887 1.43509
RE+1_3_26 1 0 0 0 6973.6 0.389438
RE+1_3_24 0 0 0 0 6397.29 0.357254
RE+1_3_25 0 0 0 0 3002.94 0.167698
191202  1334271661
RE+1_3_01 0 0 0 0 10014.1 0.559235
RE+1_3_02 0 0 0 0 9000.47 0.502628
RE+1_3_36 0 0 0 0 7904.13 0.441403
RE+2_2_04 1 0 0 0 44983.5 3.79137
RE+2_2_03 0 0 0 0 26282 2.21514
RE+2_2_02 0 0 0 0 46627.6 3.92994
RE+1_2_36 0 0 0 0 20605.7 1.75112
RE+1_2_01 0 0 0 0 12776.8 1.0858
RE+1_2_02 0 0 0 0 16888.8 1.43525
RE+2_3_04 0 0 0 0 19675.7 0.998402
RE+2_3_03 0 0 0 0 21791.3 1.10575
RE+2_3_02 0 0 0 0 13573.2 0.688744
RE+1_3_05 0 0 0 0 10589.3 0.591354
RE+1_3_03 0 0 0 0 6616.29 0.369484
RE+1_3_04 0 0 0 0 6701.81 0.37426
RE+2_3_05 0 0 0 0 22180 1.12548
RE+2_3_07 0 0 0 0 23930 1.21428
RE+2_3_06 0 0 0 0 21222.6 1.0769
RE+1_2_03 0 2 0 0 13751 1.16859
RE+1_2_04 0 2 0 0 27507 2.33761
RE+1_2_05 0 0 0 0 11017.4 0.936289
RE+2_2_07 0 0 0 0 41297.5 3.4807
RE+2_2_05 0 0 0 0 49408.4 4.16431
RE+2_2_06 0 0 0 0 40368 3.40235
RE+2_3_10 0 0 0 0 22477.1 1.14055
RE+2_3_08 2 0 0 0 23659.4 1.20055
RE+2_3_09 0 0 0 0 20660.9 1.04839
RE+2_2_08 0 0 0 0 36928.7 3.11248
RE+2_2_09 0 0 0 0 48470.3 4.08525
RE+2_2_10 0 0 0 0 55516.5 4.67913
RE+1_3_08 0 0 0 0 11473.8 0.640748
RE+1_3_06 0 0 0 0 8390.16 0.468545
RE+1_3_07 0 0 0 0 11475.3 0.640835
RE+1_2_08 0 3 2 0 16275.9 1.38316
RE+1_2_06 3 0 0 0 22316.7 1.89652
RE+1_2_07 0 0 0 0 15332 1.30295
RE+2_2_29 0 0 0 0 38997.7 3.28686
RE+2_2_30 0 0 0 0 46605.2 3.92805
RE+2_2_31 0 0 0 0 41006.5 3.45617
RE+1_2_27 0 0 0 0 18585.4 1.57943
RE+1_2_28 0 0 0 0 15348 1.30431
RE+1_2_29 32 1 0 0 13683.2 1.16283
RE+2_3_31 0 0 0 0 13617.8 0.691007
RE+2_3_30 0 0 0 0 14763.1 0.749121
RE+2_3_29 0 0 0 0 19284.9 0.978571
RE+1_3_27 0 0 0 0 4034.47 0.225303
RE+1_3_28 0 0 0 0 2997.83 0.167413
RE+1_3_29 0 6 4 0 4119.01 0.230024
RE+1_3_31 0 0 0 0 4130.81 0.230683
RE+1_3_32 0 0 0 0 6493.9 0.362649
RE+1_3_30 0 0 0 0 3762.14 0.210095
RE+1_2_31 0 0 0 0 15740.1 1.33763
RE+1_2_32 0 0 0 0 17293.7 1.46966
RE+1_2_30 0 2 0 0 14983 1.27329
RE+2_2_33 0 0 0 0 45137 3.8043
RE+2_2_32 0 0 0 0 36105.4 3.04309
RE+2_2_34 0 0 0 0 43120 3.63431
RE+2_3_32 0 0 0 0 13831.9 0.701873
RE+2_3_34 0 0 0 0 16665.5 0.845658
RE+2_3_33 0 0 0 0 7052.34 0.357856
RE+1_2_34 2 2 1 0 21826.8 1.85489
RE+1_2_33 0 0 0 0 17339.6 1.47356
RE+1_2_35 0 0 0 0 11893 1.01069
RE+2_2_36 0 0 0 0 19734.1 1.66325
RE+2_2_35 0 0 0 0 40901.8 3.44734
RE+2_2_01 1 0 0 0 21830.3 1.83993
RE+1_3_35 0 0 0 0 5731.62 0.32008
RE+1_3_34 0 0 0 0 5045.26 0.281751
RE+1_3_33 0 0 0 0 2986.63 0.166787
RE+2_3_36 0 0 0 0 11008.1 0.558582
RE+2_3_01 1 0 0 0 16212.2 0.822653
RE+2_3_35 0 0 0 0 15523 0.787681
191202  1334271661
RE+3_2_10 0 0 0 0 53015.4 4.46832
RE+3_2_11 0 0 0 0 41493.4 3.49721
RE+3_2_09 0 0 0 0 35138.8 2.96162
RE+3_3_12 0 0 0 0 52141.3 2.6458
RE+3_3_13 0 0 0 0 49095.6 2.49126
RE+3_3_14 0 0 0 0 41752.9 2.11867
RE+3_3_09 0 0 0 0 55326.2 2.80741
RE+3_3_10 0 0 0 0 60501 3.06999
RE+3_3_11 0 0 0 0 62516 3.17224
RE+3_2_12 0 1 0 0 42450.1 3.57784
RE+3_2_14 0 0 0 0 50202.9 4.23127
RE+3_2_13 0 0 0 0 39281.5 3.31078
RE+3_3_16 1 0 0 0 45130.3 2.29004
RE+3_3_15 0 0 0 0 22238.2 1.12843
RE+3_3_17 0 0 0 0 43474.4 2.20602
RE+3_2_20 0 0 0 0 44827.8 3.77824
RE+3_2_19 0 0 0 0 49453.1 4.16808
RE+3_2_18 0 0 0 0 46596.7 3.92733
RE+3_2_17 0 0 0 0 48860.1 4.1181
RE+3_2_15 0 0 0 0 7078.12 0.596569
RE+3_2_16 0 0 0 0 42418.1 3.57515
RE+3_3_20 0 0 0 0 43493.3 2.20698
RE+3_3_18 0 0 0 0 35072.1 1.77966
RE+3_3_19 0 0 0 0 34324.6 1.74173
RE+3_2_26 0 0 0 0 44937.8 3.78751
RE+3_2_24 0 0 0 0 33877.3 2.85529
RE+3_2_25 0 0 0 0 43355.1 3.65412
RE+3_3_23 0 0 0 0 33402 1.69492
RE+3_3_22 0 0 0 0 48289.9 2.45037
RE+3_3_21 0 0 0 0 48375.2 2.4547
RE+3_2_23 0 0 0 0 41023.6 3.45761
RE+3_2_21 0 0 0 0 48185.5 4.06124
RE+3_2_22 0 0 0 0 44451.5 3.74653
RE+3_3_24 0 0 0 0 19444 0.986645
RE+3_3_26 0 0 0 0 41975.4 2.12996
RE+3_3_25 0 0 0 0 23636.4 1.19938
191202  1334271661
RE+3_3_08 0 0 0 0 57379.1 2.91158
RE+3_3_06 0 0 1 0 40049.5 2.03223
RE+3_3_07 0 0 0 0 69497.2 3.52649
RE+3_3_04 0 0 0 0 50489.9 2.56201
RE+3_3_05 0 1 1 0 47623.5 2.41656
RE+3_3_03 0 0 0 0 51561.9 2.6164
RE+3_2_06 0 0 0 0 37601.6 3.16919
RE+3_2_08 0 10 10 0 39770.4 3.35199
RE+3_2_07 0 0 0 0 44654.1 3.7636
RE+3_2_05 0 0 0 0 41881.5 3.52992
RE+3_2_03 0 0 0 0 51072.3 4.30455
RE+3_2_04 0 0 0 0 22118.3 1.86421
RE+3_2_34 0 0 0 0 44470.7 3.74815
RE+3_2_33 0 0 0 0 49103.9 4.13865
RE+3_2_35 0 0 0 0 43563 3.67164
RE+3_3_02 0 0 0 0 46478.3 2.35844
RE+3_3_01 0 0 0 0 41302.3 2.0958
RE+3_3_36 0 0 0 0 20839.5 1.05746
RE+3_3_35 0 0 0 0 45623.6 2.31507
RE+3_3_33 0 0 0 0 24902.8 1.26364
RE+3_3_34 0 0 0 0 37568.7 1.90635
RE+3_2_36 0 0 0 0 15638.7 1.31808
RE+3_2_02 0 0 0 0 45947 3.87257
RE+3_2_01 0 0 0 0 29675.5 2.50115
RE+3_3_28 0 0 0 0 29922.6 1.51836
RE+3_3_29 1 0 0 0 41226.6 2.09195
RE+3_3_27 0 0 0 0 44144.5 2.24002
RE+3_2_32 0 0 0 0 42319.2 3.56681
RE+3_2_30 0 0 0 0 48162.8 4.05932
RE+3_2_31 0 0 0 0 25899.2 2.18288
RE+3_3_30 0 0 0 0 24750.6 1.25592
RE+3_3_32 0 0 0 0 30514.9 1.54842
RE+3_3_31 0 0 0 0 40849.7 2.07283
RE+3_2_27 0 0 0 0 51384.7 4.33088
RE+3_2_28 0 0 0 0 55301.3 4.66098
RE+3_2_29 0 0 0 0 66061.7 5.56791
