160431    244     7935.566      1.392 
160577    338    10145.915      1.285 
160578    457    12294.591      1.152 
160871    236   145447.226     26.386 
160873    200   130244.462     27.881 
160874    131    80114.004     26.183 
160939    147   169384.901     49.333 
160955    227   739562.308    139.486 
160957    981  2464568.736    107.561 
160998    287   734429.168    109.560 
161008    284   658402.280     99.256 
161016    326   684269.660     89.865 
162762    110   386875.194    150.578 
162803    147   499912.536    145.599 
162811    347  1599066.151    197.297 
162822    313  1314373.630    179.787 
162825    201   918487.141    195.641 
162828    150   338070.648     96.494 
162909    338  1844169.760    233.597 
163046    313  1541693.593    210.881 
163069    647  4073537.169    269.557 
163071    193  1183740.583    262.592 
163232    173   552098.188    136.632 
163233    301  1829584.207    260.237 
163235    473  2511357.371    227.316 
163237    219  1055942.364    206.433 
163252    156  1063783.214    291.952 
163255   1066  7481499.346    300.479 
163261    192   847660.312    189.018 
163270    990  7824007.855    338.358 
163286    411  2206284.984    229.828 
163289    398  2113526.924    227.357 
163296    602  5410424.685    384.785 
163297    226  1889450.358    357.940 
163300    622  4674153.198    321.733 
163301    197  1350763.381    293.559 
163302    252  1658417.495    281.758 
163332    812  7858118.128    414.329 
163333    112   999191.612    381.956 
163334    562  4662283.202    355.177 
163337    475  3583791.946    323.022 
163338    170  1208986.241    304.478 
163339    187  1288752.324    295.060 
163340    496  3120045.751    269.316 
163358    118   332440.842    120.619 
163369    104  1061463.907    436.973 
163370    175  1697235.276    415.228 
163371    374  3204946.101    366.887 
163372    111   922052.839    355.644 
163374    872  6426339.822    315.522 
163376    252  1646144.898    279.673 
163378    691  3766440.277    233.365 
163385    435  3580907.128    352.441 
163387    267  1966387.830    315.312 
163402    834  7449573.741    382.427 
163475    305  3133503.878    439.859 
163476    235  2331867.805    424.834 
163479    186  1724281.207    396.897 
163480    198  1755565.028    379.607 
163583    232  3335274.190    615.498 
163586    102  1350422.931    566.830 
163588    455  5504439.256    517.946 
163589    165  1859317.286    482.450 
163630    246  1695605.031    295.102 
163657    152  2270117.020    639.422 
163659    717  9355304.699    558.627 
163662    175  1981692.051    484.821 
163663    250  2687721.280    460.285 
163664    188  1923563.769    438.058 
163668    307  2160301.607    301.272 
163738    347  4419719.250    545.316 
163758    599  7857389.354    561.609 
163759    525  6016897.774    490.678 
163760    362  3761635.799    444.888 
163761    228  2226096.985    418.015 
163765    336  2815746.105    358.787 
163796    190  3107736.517    700.283 
163817    979 16234956.754    709.989 
163869    136  1638056.342    515.671 
165088    391     6461.866      0.708 
165098    439    34365.940      3.352 
165099    125     9569.015      3.277 
165102    200    15915.095      3.407 
165103    451    42808.246      4.064 
165120    108   408680.311    162.010 
165121    713  2904421.452    174.403 
165205    259  2337930.284    386.469 
165208    184  1675088.596    389.765 
165364   1351 19320520.801    612.275 
165415   1427 20163660.421    604.962 
165467    735 12676514.131    738.406 
165472    917 12788763.601    597.093 
165486    117  2236609.564    818.441 
165487    158  2983292.361    808.391 
165506    178  2202791.235    529.830 
165514    584 12226712.058    896.354 
165548    630  9018270.117    612.866 
165567    641 13063284.124    872.524 
165570    968 16207270.129    716.832 
165617    414  9433236.991    975.536 
165633    525 10702830.028    872.815 
165970    348  7237535.000    890.419 
165993   1772 33384628.382    806.614 
166033   1255 30653606.371   1045.733 
166034    555  7484931.294    577.401 
166049    919 22399479.422   1043.531 
166150    140  2760958.184    844.335 
166161    135  3312408.119   1050.493 
166346    260  4866471.940    801.353 
166374    201  4652138.580    990.922 
166380   1820 34480717.325    811.125 
166408   1250 28393633.742    972.510 
166429    101  1628822.929    690.455 
166438    888 18659013.343    899.619 
166462    573 10384191.120    775.891 
166486    189  2734995.710    619.552 
166502    115  1924083.744    716.323 
166512   1906 38101389.747    855.856 
166514    469  7035057.081    642.211 
166530    104   878563.135    361.678 
166554    749 16832962.048    962.192 
166563    767 14708268.980    821.011 
166565    938 14439762.486    659.083 
166699    918 18046531.948    841.655 
166701    810 12685049.408    670.487 
166763    684 13496951.485    844.817 
166781    392  8873213.167    969.121 
166782    581 11757396.538    866.399 
166784    389  7039622.963    774.788 
166787    383  5946826.863    664.767 
166839    309  6621197.998    917.405 
166841   1023 19930175.894    834.101 
166842    187  2780653.713    636.632 
166859    442  9861251.740    955.196 
166864    543 10730818.747    846.089 
166888    484 11241370.507    994.390 
166889    241  5451080.993    968.386 
166890    548 11177933.701    873.301 
166894    219  4023691.936    786.617 
166895    622  9998059.591    688.190 
166911    112  1698175.067    649.153 
166922    789 18692166.387   1014.298 
166923    573  9400601.342    702.399 
166946    211  4793213.760    972.584 
166950   1450 29833038.910    880.871 
166960    199  3386683.685    728.626 
166966    254  4121730.722    694.750 
166967    248  3315255.041    572.332 
167039    247  5840170.996   1012.305 
167041    676 13607073.271    861.789 
167043    239  3969181.622    711.027 
167078    248  3654432.108    630.886 
167098    473  9124103.681    825.871 
167102    440  8273350.880    805.029 
167103    141  1584109.023    481.004 
167151    119  1561191.625    561.684 
167281    600 13653775.064    974.281 
167282    457  8443870.254    791.058 
167284   1718 24285221.425    605.204 
167551    485 11546597.121   1019.284 
167673    506  8083819.623    683.989 
167674    355  8225904.356    992.061 
167675   1069 20947525.729    838.954 
167676    477  7383106.401    662.680 
167740    178  3220840.673    774.698 
167746    401  8955088.056    956.111 
167754    108  1692274.032    670.857 
167784    144  2992335.754    889.674 
167786    184  4273973.136    994.482 
167807   1879 41598462.083    947.837 
167830   1255 19598362.248    668.589 
167898   1768 38067301.811    921.834 
167913    455  7396045.685    695.939 
170826    331  8203488.478   1061.093 
170842    350  8245471.737   1008.627 
170854    659 12908002.188    838.603 
170876    520  8385955.681    690.450 
170896    212  3171559.195    640.501 
170901    228  2576789.545    483.868 
171050    666 19103399.778   1228.059 
171091    147  3625459.610   1055.914 
171106    303  6795125.388    960.147 
171156    758 20708312.260   1169.657 
171178   1114 21625504.968    831.121 
171219    169  4478083.560   1134.458 
171274    160  3909841.227   1046.218 
171282    179  6302965.105   1507.561 
171315    264  6834725.504   1108.409 
171369    184  4621462.370   1075.337 
171446    871 26211573.054   1288.421 
171484    451 13796911.150   1309.750 
171578    978 23423268.897   1025.396 
171812    447 14411142.284   1380.301 
171921    162  5536966.532   1463.322 
171926    277  9382679.257   1450.207 
172014    256 10498379.493   1755.760 
172024    161  5947604.474   1581.609 
172033    811 23239513.467   1226.843 
172163    808 27857432.108   1476.089 
172208    205  6986669.958   1459.148 
172268    180  6028787.943   1433.971 
172286    223  7523271.187   1444.391 
172389    500 17407851.527   1490.590 
172399    245  8987051.566   1570.486 
172400    720 24576550.511   1461.408 
172401    242  4212471.454    745.254 
172411    977 32676354.372   1431.931 
172478    214  3796365.441    759.516 
172620    525  8871645.706    723.482 
172630    176  7348755.515   1787.656 
172635    282 10650381.112   1616.959 
172778    139  2979640.840    917.766 
172791   1684 54178054.197   1377.413 
172799    379  8900958.172   1005.496 
172801   1155 22710316.464    841.830 
172802    819 12811109.076    669.708 
172819    263  9740386.349   1585.636 
172822   2341 67760019.439   1239.239 
172847    165  3998858.961   1037.612 
172865    391 16602461.274   1817.936 
172868   2090 57765382.573   1183.326 
172949   1311 46554467.366   1520.343 
172952   1672 35941590.692    920.331 
172992    978 37728084.914   1651.615 
172999    304  8739213.320   1230.784 
173198    838 30128533.023   1539.277 
173236    245 10458183.121   1827.566 
173240    144  6374502.730   1895.251 
173241    765 28653188.005   1603.594 
173380    225  8316567.405   1582.503 
173381    313 11062247.278   1513.150 
173389    672 26576149.536   1693.190 
173406    304 12247695.010   1724.899 
173430    176  6616401.489   1609.504 
173439    764 34402987.959   1927.906 
173657    101  2907799.590   1232.611 
173658    118  5073683.419   1840.875 
173659    327 12623299.937   1652.754 
173660    377 12662874.169   1438.050 
173661    139  4261663.373   1312.645 
173663    132  3824132.990   1240.344 
173664    314  7566750.530   1031.722 
173692   2801 81568717.317   1246.790 
175866    551  8430560.028    655.070 
175874    118  5153810.473   1869.947 
175881    170  5945166.046   1497.263 
175886    304  9495885.957   1337.349 
175887    149  4265290.359   1225.590 
175888    459 11325729.263   1056.420 
175906    208  9399644.562   1934.778 
175921    453 22046225.273   2083.622 
175973    275 17639580.643   2746.240 
175974    130  7423413.419   2444.799 
175975    396 19935729.864   2155.360 
175976    132  4392852.761   1424.806 
175990    169  7616561.843   1929.546 
176023    140  6846215.224   2093.657 
176163    102  6863988.928   2881.107 
176169    145  7755334.312   2289.894 
176201    664 41509228.581   2676.452 
176202    270 14271858.272   2263.079 
176206    107  5161610.136   2065.306 
176207    245 10249587.327   1791.114 
176286    496 30967683.729   2673.068 
176304    617 38439602.641   2667.329 
176308    307 16876419.350   2353.558 
176309   1714 63986531.394   1598.309 
176467    176 10668795.030   2595.289 
176468    217 12168212.558   2400.767 
176469    204 10473601.079   2198.107 
176547    194 13365280.028   2949.574 
176548   1034 53836309.305   2229.142 
176697    346 23411198.382   2896.880 
176701    153  9559214.665   2674.938 
176702    962 46776315.091   2081.775 
176765    146  6070171.758   1780.045 
176771    177  8964187.016   2168.306 
176795    113  7877152.861   2984.515 
176796    114  8186229.466   3074.412 
176797    274 17053278.744   2664.651 
176799    246 12929094.798   2250.173 
176801    303 13297502.368   1878.929 
176805    113  4628625.583   1753.705 
176807    466 17019729.766   1563.686 
176841    256 13527680.118   2262.384 
176844    119  6243003.384   2246.102 
176850    310 14376980.972   1985.587 
176860    474 18762069.149   1694.671 
176868    505 16530398.380   1401.441 
176885    242 13282656.860   2349.917 
176886    722 38008768.660   2253.874 
176889    118  4063822.431   1474.469 
176928    124  8738734.096   3017.239 
176929    334 20214167.227   2591.149 
176933    445 21528737.665   2071.293 
176982    116   370908.456    136.896 
177053    754 39482391.980   2241.894 
177074    776 40204006.743   2218.148 
177088    104  3484567.349   1434.493 
177095    207 10332338.829   2137.033 
177096    204  9915231.586   2080.921 
177131    151  7814683.318   2215.733 
177138    130  6438452.445   2120.416 
177139    635 37465126.898   2526.018 
177140    572 26221538.598   1962.660 
177141    646 23676350.326   1569.153 
177183    222 16244469.237   3132.820 
177201    809 46185329.787   2444.210 
177222    356 20771518.734   2498.050 
177318    413 26795629.161   2777.774 
177319    389 19268897.323   2120.754 
177449    528 34579141.412   2803.905 
177452    175  9357814.107   2289.387 
177718   1652 85721378.049   2221.580 
177719    713 23368736.867   1403.229 
177730   2325 111840075.428   2059.479 
177776    121  4838261.903   1711.934 
177782    237 13980720.591   2525.598 
177783    387 24153509.567   2672.097 
177789    101  4835155.366   2049.614 
177790    722 29467154.988   1747.366 
177791    228  7545107.314   1416.816 
177875    597 36205035.903   2596.436 
177878    859 38313583.283   1909.601 
178098    721 47216996.234   2803.794 
178099    222 11409981.366   2200.467 
178100   1631 60747089.145   1594.610 
178110    474 32775501.054   2960.424 
178116    631 34958641.128   2371.964 
178151    135  6445768.664   2044.202 
178160    554 36331473.253   2807.735 
178162    193  9890860.941   2194.117 
178365   1103 68398118.246   2654.921 
178367    751 30744421.453   1752.707 
178380    253  6283242.984   1063.277 
178421   1218 70951822.632   2494.016 
178424    898 31964807.520   1523.978 
178479   1084 62415859.452   2465.180 
178703    190 13348989.603   3007.999 
178708    381 25362351.393   2850.017 
178712    417 22818479.646   2342.791 
178724    286 13587369.784   2034.006 
178731    223  9647677.493   1852.255 
178738    282  9801359.300   1488.059 
178786    235 15138392.590   2758.004 
178803    552 31342448.198   2430.954 
178840    609 42311207.143   2974.549 
178854    148  9020092.610   2609.349 
178866    434 23481008.365   2316.381 
178871   1291 51441855.171   1705.978 
178920    308 20773505.762   2887.633 
178970    589 39886665.783   2899.315 
179411    121  7576828.448   2680.927 
