372.467 372.467
372.467 372.467
428.672 428.672
428.672 428.672
428.672 428.672
428.672 428.672
343.219 343.219
343.219 343.219
395.011 395.011
395.011 395.011
395.011 395.011
395.011 395.011
158.169 158.169
218.791 218.791
181.04 181.04
241.936 241.936
259.217 259.217
312.067 312.067
222.938 222.938
238.862 238.862
287.562 287.562
441.181 441.181
441.181 441.181
516.45 516.45
516.45 516.45
411.933 411.933
411.933 411.933
482.213 482.212
482.213 482.212
211.902 211.902
218.791 218.791
234.773 234.773
286.569 286.569
307.038 307.038
369.638 369.638
267.571 267.571
286.683 286.683
345.133 345.133
441.181 441.181
441.181 441.181
516.45 516.45
516.45 516.45
411.933 411.933
411.933 411.933
482.213 482.212
482.213 482.212
211.902 211.902
218.791 218.791
234.773 234.773
286.569 286.569
307.038 307.038
369.638 369.638
267.571 267.571
286.683 286.683
345.133 345.133
441.181 441.181
441.181 441.181
516.45 516.45
516.45 516.45
411.933 411.933
411.933 411.933
482.213 482.212
482.213 482.212
211.902 211.902
218.791 218.791
234.773 234.773
286.569 286.569
307.038 307.038
369.638 369.638
267.571 267.571
286.683 286.683
345.133 345.133
441.181 441.181
441.181 441.181
516.45 516.45
514.711 514.711
411.933 411.933
411.933 411.933
482.213 482.212
480.589 480.589
211.902 211.902
218.791 218.791
234.773 234.773
286.569 286.569
307.038 307.038
369.638 369.638
267.571 267.571
286.683 286.683
345.133 345.133
441.181 441.181
441.181 441.181
516.45 516.45
411.933 411.933
411.933 411.933
482.213 482.212
211.902 211.902
218.791 218.791
234.773 234.773
286.569 286.569
307.038 307.038
369.638 369.638
267.571 267.571
286.683 286.683
345.133 345.133
516.45 516.45
516.45 516.45
441.181 441.181
441.181 441.181
482.213 482.212
482.213 482.212
411.933 411.933
411.933 411.933
218.791 218.791
211.902 211.902
234.773 234.773
307.038 307.038
286.569 286.569
369.638 369.638
286.683 286.683
267.571 267.571
345.133 345.133
441.181 441.181
441.181 441.181
516.45 516.45
516.45 516.45
411.933 411.933
411.933 411.933
482.213 482.212
482.213 482.212
211.902 211.902
218.791 218.791
234.773 234.773
286.569 286.569
307.038 307.038
369.638 369.638
267.571 267.571
286.683 286.683
345.133 345.133
441.181 441.181
441.181 441.181
516.45 516.45
516.45 516.45
411.933 411.933
411.933 411.933
482.213 482.212
482.213 482.212
211.902 211.902
218.791 218.791
234.773 234.773
286.569 286.569
307.038 307.038
369.638 369.638
267.571 267.571
286.683 286.683
345.133 345.133
441.181 441.181
441.181 441.181
517.493 517.493
517.493 517.493
411.933 411.933
411.933 411.933
483.187 483.187
483.187 483.187
211.902 211.902
218.791 218.791
234.773 234.773
286.569 286.569
307.038 307.038
369.638 369.638
267.571 267.571
286.683 286.683
345.133 345.133
441.181 441.181
441.181 441.181
516.45 516.45
411.933 411.933
411.933 411.933
482.213 482.212
211.902 211.902
218.791 218.791
234.773 234.773
286.569 286.569
307.038 307.038
369.638 369.638
267.571 267.571
286.683 286.683
345.133 345.133
441.181 441.181
441.181 441.181
514.711 514.711
516.45 516.45
411.933 411.933
411.933 411.933
480.589 480.589
482.213 482.212
211.902 211.902
218.791 218.791
234.773 234.773
286.569 286.569
307.038 307.038
369.638 369.638
267.571 267.571
286.683 286.683
345.133 345.133
441.181 441.181
441.181 441.181
514.711 514.711
514.711 514.711
514.711 514.711
514.711 514.711
411.933 411.933
411.933 411.933
480.589 480.589
480.589 480.589
480.589 480.589
480.589 480.589
227.038 227.038
234.419 234.419
251.543 251.543
286.569 286.569
307.038 307.038
344.996 344.996
267.571 267.571
286.683 286.683
322.124 322.124
441.181 441.181
441.181 441.181
516.45 516.45
516.45 516.45
411.933 411.933
411.933 411.933
482.213 482.212
482.213 482.212
227.038 227.038
234.419 234.419
251.543 251.543
286.569 286.569
307.038 307.038
344.996 344.996
267.571 267.571
286.683 286.683
322.124 322.124
441.181 441.181
441.181 441.181
516.45 516.45
516.45 516.45
411.933 411.933
411.933 411.933
482.213 482.212
482.213 482.212
227.038 227.038
234.419 234.419
251.543 251.543
286.569 286.569
307.038 307.038
344.996 344.996
267.571 267.571
286.683 286.683
322.124 322.124
441.181 441.181
441.181 441.181
516.45 516.45
516.45 516.45
411.933 411.933
411.933 411.933
482.213 482.212
482.213 482.212
227.038 227.038
234.419 234.419
251.543 251.543
286.569 286.569
307.038 307.038
344.996 344.996
267.571 267.571
286.683 286.683
322.124 322.124
441.181 441.181
441.181 441.181
516.45 516.45
514.711 514.711
411.933 411.933
411.933 411.933
482.213 482.212
480.589 480.589
227.038 227.038
234.419 234.419
251.543 251.543
286.569 286.569
307.038 307.038
344.996 344.996
267.571 267.571
286.683 286.683
322.124 322.124
441.181 441.181
441.181 441.181
516.45 516.45
411.933 411.933
411.933 411.933
482.213 482.212
227.038 227.038
234.419 234.419
251.543 251.543
286.569 286.569
307.038 307.038
344.996 344.996
267.571 267.571
286.683 286.683
322.124 322.124
441.181 441.181
441.181 441.181
516.45 516.45
516.45 516.45
411.933 411.933
411.933 411.933
482.213 482.212
482.213 482.212
227.038 227.038
234.419 234.419
251.543 251.543
286.569 286.569
307.038 307.038
344.996 344.996
267.571 267.571
286.683 286.683
322.124 322.124
441.181 441.181
441.181 441.181
517.493 517.493
517.493 517.493
411.933 411.933
411.933 411.933
483.187 483.187
483.187 483.187
227.038 227.038
234.419 234.419
251.543 251.543
286.569 286.569
307.038 307.038
344.996 344.996
267.571 267.571
286.683 286.683
322.124 322.124
441.181 441.181
441.181 441.181
516.45 516.45
411.933 411.933
411.933 411.933
482.213 482.212
227.038 227.038
234.419 234.419
251.543 251.543
286.569 286.569
307.038 307.038
344.996 344.996
267.571 267.571
286.683 286.683
322.124 322.124
441.181 441.181
441.181 441.181
514.711 514.711
516.45 516.45
411.933 411.933
411.933 411.933
480.589 480.589
482.213 482.212
227.038 227.038
234.419 234.419
251.543 251.543
286.569 286.569
307.038 307.038
344.996 344.996
267.571 267.571
286.683 286.683
322.124 322.124
441.181 441.181
441.181 441.181
516.45 516.45
516.45 516.45
411.933 411.933
411.933 411.933
482.213 482.212
482.213 482.212
227.038 227.038
234.419 234.419
251.543 251.543
286.569 286.569
307.038 307.038
344.996 344.996
267.571 267.571
286.683 286.683
322.124 322.124
441.181 441.181
441.181 441.181
516.45 516.45
516.45 516.45
411.933 411.933
411.933 411.933
482.213 482.212
482.213 482.212
227.038 227.038
234.419 234.419
251.543 251.543
286.569 286.569
307.038 307.038
344.996 344.996
267.571 267.571
286.683 286.683
322.124 322.124
441.181 441.181
441.181 441.181
514.711 514.711
514.711 514.711
514.711 514.711
514.711 514.711
411.933 411.933
411.933 411.933
480.589 480.589
480.589 480.589
480.589 480.589
480.589 480.589
211.902 211.902
234.773 234.773
218.791 218.791
286.569 286.569
369.638 369.638
307.038 307.038
267.571 267.571
345.133 345.133
286.683 286.683
441.181 441.181
441.181 441.181
516.45 516.45
516.45 516.45
411.933 411.933
411.933 411.933
482.213 482.212
482.213 482.212
211.902 211.902
234.773 234.773
218.791 218.791
286.569 286.569
369.638 369.638
307.038 307.038
267.571 267.571
345.133 345.133
286.683 286.683
441.181 441.181
441.181 441.181
516.45 516.45
516.45 516.45
411.933 411.933
411.933 411.933
482.213 482.212
482.213 482.212
211.902 211.902
234.773 234.773
218.791 218.791
286.569 286.569
369.638 369.638
307.038 307.038
267.571 267.571
345.133 345.133
286.683 286.683
441.181 441.181
441.181 441.181
516.45 516.45
516.45 516.45
411.933 411.933
411.933 411.933
482.213 482.212
482.213 482.212
211.902 211.902
234.773 234.773
218.791 218.791
286.569 286.569
369.638 369.638
307.038 307.038
267.571 267.571
345.133 345.133
286.683 286.683
441.181 441.181
441.181 441.181
514.711 514.711
516.45 516.45
411.933 411.933
411.933 411.933
480.589 480.589
482.213 482.212
211.902 211.902
234.773 234.773
218.791 218.791
286.569 286.569
369.638 369.638
307.038 307.038
267.571 267.571
345.133 345.133
286.683 286.683
441.181 441.181
441.181 441.181
516.45 516.45
411.933 411.933
411.933 411.933
482.213 482.212
211.902 211.902
234.773 234.773
218.791 218.791
286.569 286.569
369.638 369.638
307.038 307.038
267.571 267.571
345.133 345.133
286.683 286.683
441.181 441.181
441.181 441.181
516.45 516.45
516.45 516.45
411.933 411.933
411.933 411.933
482.213 482.212
482.213 482.212
211.902 211.902
234.773 234.773
218.791 218.791
286.569 286.569
369.638 369.638
307.038 307.038
267.571 267.571
345.133 345.133
286.683 286.683
441.181 441.181
441.181 441.181
516.45 516.45
516.45 516.45
411.933 411.933
411.933 411.933
482.213 482.212
482.213 482.212
211.902 211.902
234.773 234.773
218.791 218.791
286.569 286.569
369.638 369.638
307.038 307.038
267.571 267.571
345.133 345.133
286.683 286.683
372.467 372.467
372.467 372.467
436.012 436.012
436.012 436.012
343.219 343.219
343.219 343.219
401.775 401.775
401.775 401.775
158.169 158.169
181.04 181.04
218.791 218.791
241.936 241.936
312.067 312.067
259.217 259.217
222.938 222.938
287.562 287.562
238.862 238.862
441.181 441.181
441.181 441.181
517.493 517.493
517.493 517.493
411.933 411.933
411.933 411.933
483.187 483.187
483.187 483.187
211.902 211.902
234.773 234.773
218.791 218.791
286.569 286.569
369.638 369.638
307.038 307.038
267.571 267.571
345.133 345.133
286.683 286.683
441.181 441.181
441.181 441.181
516.45 516.45
411.933 411.933
411.933 411.933
482.213 482.212
211.902 211.902
234.773 234.773
218.791 218.791
286.569 286.569
369.638 369.638
307.038 307.038
267.571 267.571
345.133 345.133
286.683 286.683
441.181 441.181
441.181 441.181
516.45 516.45
514.711 514.711
411.933 411.933
411.933 411.933
482.213 482.212
480.589 480.589
211.902 211.902
234.773 234.773
218.791 218.791
286.569 286.569
369.638 369.638
307.038 307.038
267.571 267.571
345.133 345.133
286.683 286.683
514.711 514.711
514.711 514.711
441.181 441.181
441.181 441.181
514.711 514.711
514.711 514.711
480.589 480.589
480.589 480.589
411.933 411.933
411.933 411.933
480.589 480.589
480.589 480.589
234.419 234.419
227.038 227.038
251.543 251.543
307.038 307.038
286.569 286.569
344.996 344.996
286.683 286.683
267.571 267.571
322.124 322.124
516.45 516.45
516.45 516.45
441.181 441.181
441.181 441.181
482.213 482.212
482.213 482.212
411.933 411.933
411.933 411.933
234.419 234.419
227.038 227.038
251.543 251.543
286.569 286.569
307.038 307.038
344.996 344.996
267.571 267.571
322.124 322.124
286.683 286.683
441.181 441.181
441.181 441.181
516.45 516.45
516.45 516.45
411.933 411.933
411.933 411.933
482.213 482.212
482.213 482.212
227.038 227.038
251.543 251.543
234.419 234.419
286.569 286.569
344.996 344.996
307.038 307.038
267.571 267.571
322.124 322.124
286.683 286.683
441.181 441.181
441.181 441.181
516.45 516.45
516.45 516.45
411.933 411.933
411.933 411.933
482.213 482.212
482.213 482.212
227.038 227.038
251.543 251.543
234.419 234.419
286.569 286.569
344.996 344.996
307.038 307.038
267.571 267.571
322.124 322.124
286.683 286.683
441.181 441.181
441.181 441.181
514.711 514.711
516.45 516.45
411.933 411.933
411.933 411.933
480.589 480.589
482.213 482.212
227.038 227.038
251.543 251.543
234.419 234.419
286.569 286.569
344.996 344.996
307.038 307.038
267.571 267.571
322.124 322.124
286.683 286.683
441.181 441.181
441.181 441.181
516.45 516.45
411.933 411.933
411.933 411.933
482.213 482.212
227.038 227.038
251.543 251.543
234.419 234.419
286.569 286.569
344.996 344.996
307.038 307.038
267.571 267.571
322.124 322.124
286.683 286.683
286.683 286.683
322.124 322.124
267.571 267.571
307.038 307.038
344.996 344.996
286.569 286.569
234.419 234.419
251.543 251.543
227.038 227.038
482.213 482.212
482.213 482.212
411.933 411.933
411.933 411.933
516.45 516.45
516.45 516.45
441.181 441.181
441.181 441.181
286.683 286.683
322.124 322.124
267.571 267.571
307.038 307.038
344.996 344.996
286.569 286.569
234.419 234.419
251.543 251.543
227.038 227.038
482.213 482.212
482.213 482.212
411.933 411.933
411.933 411.933
516.45 516.45
516.45 516.45
441.181 441.181
441.181 441.181
322.124 322.124
267.571 267.571
286.683 286.683
286.569 286.569
307.038 307.038
344.996 344.996
234.419 234.419
251.543 251.543
227.038 227.038
482.213 482.212
482.213 482.212
411.933 411.933
411.933 411.933
516.45 516.45
516.45 516.45
441.181 441.181
441.181 441.181
286.683 286.683
322.124 322.124
267.571 267.571
307.038 307.038
344.996 344.996
286.569 286.569
234.419 234.419
251.543 251.543
227.038 227.038
483.187 483.187
483.187 483.187
411.933 411.933
411.933 411.933
517.493 517.493
517.493 517.493
441.181 441.181
441.181 441.181
286.683 286.683
322.124 322.124
267.571 267.571
307.038 307.038
344.996 344.996
286.569 286.569
234.419 234.419
251.543 251.543
227.038 227.038
482.213 482.212
411.933 411.933
411.933 411.933
516.45 516.45
441.181 441.181
441.181 441.181
286.683 286.683
322.124 322.124
267.571 267.571
307.038 307.038
344.996 344.996
286.569 286.569
234.419 234.419
251.543 251.543
227.038 227.038
482.213 482.212
480.589 480.589
411.933 411.933
411.933 411.933
516.45 516.45
514.711 514.711
441.181 441.181
441.181 441.181
441.181 441.181
441.181 441.181
514.711 514.711
514.711 514.711
514.711 514.711
514.711 514.711
411.933 411.933
411.933 411.933
480.589 480.589
480.589 480.589
480.589 480.589
480.589 480.589
211.902 211.902
234.773 234.773
218.791 218.791
286.569 286.569
369.638 369.638
307.038 307.038
267.571 267.571
345.133 345.133
286.683 286.683
441.181 441.181
441.181 441.181
516.45 516.45
516.45 516.45
411.933 411.933
411.933 411.933
482.213 482.212
482.213 482.212
211.902 211.902
234.773 234.773
218.791 218.791
286.569 286.569
369.638 369.638
307.038 307.038
267.571 267.571
345.133 345.133
286.683 286.683
441.181 441.181
441.181 441.181
516.45 516.45
516.45 516.45
411.933 411.933
411.933 411.933
482.213 482.212
482.213 482.212
211.902 211.902
234.773 234.773
218.791 218.791
286.569 286.569
369.638 369.638
307.038 307.038
267.571 267.571
345.133 345.133
286.683 286.683
441.181 441.181
441.181 441.181
516.45 516.45
516.45 516.45
411.933 411.933
411.933 411.933
482.213 482.212
482.213 482.212
211.902 211.902
234.773 234.773
218.791 218.791
286.569 286.569
369.638 369.638
307.038 307.038
267.571 267.571
345.133 345.133
286.683 286.683
441.181 441.181
441.181 441.181
514.711 514.711
516.45 516.45
411.933 411.933
411.933 411.933
480.589 480.589
482.213 482.212
211.902 211.902
234.773 234.773
218.791 218.791
286.569 286.569
369.638 369.638
307.038 307.038
267.571 267.571
345.133 345.133
286.683 286.683
441.181 441.181
441.181 441.181
516.45 516.45
411.933 411.933
411.933 411.933
482.213 482.212
211.902 211.902
234.773 234.773
218.791 218.791
286.569 286.569
369.638 369.638
307.038 307.038
267.571 267.571
345.133 345.133
286.683 286.683
286.683 286.683
345.133 345.133
267.571 267.571
307.038 307.038
369.638 369.638
286.569 286.569
218.791 218.791
234.773 234.773
211.902 211.902
482.213 482.212
482.213 482.212
411.933 411.933
411.933 411.933
516.45 516.45
516.45 516.45
441.181 441.181
441.181 441.181
286.683 286.683
345.133 345.133
267.571 267.571
307.038 307.038
369.638 369.638
286.569 286.569
218.791 218.791
234.773 234.773
211.902 211.902
482.213 482.212
482.213 482.212
411.933 411.933
411.933 411.933
516.45 516.45
516.45 516.45
441.181 441.181
441.181 441.181
218.791 218.791
234.773 234.773
211.902 211.902
482.213 482.212
482.213 482.212
411.933 411.933
411.933 411.933
516.45 516.45
516.45 516.45
441.181 441.181
441.181 441.181
286.683 286.683
345.133 345.133
267.571 267.571
307.038 307.038
369.638 369.638
286.569 286.569
286.683 286.683
345.133 345.133
267.571 267.571
307.038 307.038
369.638 369.638
286.569 286.569
218.791 218.791
234.773 234.773
211.902 211.902
483.187 483.187
483.187 483.187
411.933 411.933
411.933 411.933
517.493 517.493
517.493 517.493
441.181 441.181
441.181 441.181
286.683 286.683
345.133 345.133
267.571 267.571
307.038 307.038
369.638 369.638
286.569 286.569
218.791 218.791
234.773 234.773
211.902 211.902
482.213 482.212
411.933 411.933
411.933 411.933
516.45 516.45
441.181 441.181
441.181 441.181
345.133 345.133
267.571 267.571
286.683 286.683
369.638 369.638
286.569 286.569
307.038 307.038
234.773 234.773
211.902 211.902
218.791 218.791
411.933 411.933
411.933 411.933
482.213 482.212
480.589 480.589
441.181 441.181
441.181 441.181
516.45 516.45
514.711 514.711
126.808 127.265
102.153 102.563
137.237 137.895
126.808 127.265
102.153 102.563
137.237 137.895
126.808 127.265
102.153 102.563
137.237 137.895
145.735 145.735
249.943 249.943
163.91 163.91
145.735 145.735
249.943 249.943
163.91 163.91
145.735 145.735
249.943 249.943
163.91 163.91
157.401 157.401
120.172 120.172
93.1999 93.1999
157.401 157.401
120.172 120.172
93.1999 93.1999
157.401 157.401
120.172 120.172
93.1999 93.1999
189.469 189.469
250.152 250.152
176.228 176.228
189.469 189.469
250.152 250.152
176.228 176.228
189.469 189.469
250.152 250.152
176.228 176.228
126.808 127.265
102.153 102.563
137.237 137.895
126.808 127.265
102.153 102.563
137.237 137.895
126.808 127.265
102.153 102.563
137.237 137.895
145.735 145.735
249.943 249.943
163.91 163.91
145.735 145.735
249.943 249.943
163.91 163.91
145.735 145.735
249.943 249.943
163.91 163.91
157.401 157.401
120.172 120.172
93.1999 93.1999
157.401 157.401
120.172 120.172
93.1999 93.1999
157.401 157.401
120.172 120.172
93.1999 93.1999
189.469 189.469
250.152 250.152
176.228 176.228
189.469 189.469
250.152 250.152
176.228 176.228
189.469 189.469
250.152 250.152
176.228 176.228
126.808 127.265
102.153 102.563
137.237 137.895
126.808 127.265
102.153 102.563
137.237 137.895
126.808 127.265
102.153 102.563
137.237 137.895
145.735 145.735
249.943 249.943
163.91 163.91
145.735 145.735
249.943 249.943
163.91 163.91
145.735 145.735
249.943 249.943
163.91 163.91
157.401 157.401
120.172 120.172
93.1999 93.1999
157.401 157.401
120.172 120.172
93.1999 93.1999
157.401 157.401
120.172 120.172
93.1999 93.1999
189.469 189.469
250.152 250.152
176.228 176.228
189.469 189.469
250.152 250.152
176.228 176.228
189.469 189.469
250.152 250.152
176.228 176.228
126.808 127.265
102.153 102.563
137.237 137.895
126.808 127.265
102.153 102.563
137.237 137.895
126.808 127.265
102.153 102.563
137.237 137.895
145.735 145.735
249.943 249.943
163.91 163.91
145.735 145.735
249.943 249.943
163.91 163.91
145.735 145.735
249.943 249.943
163.91 163.91
157.401 157.401
120.172 120.172
93.1999 93.1999
157.401 157.401
120.172 120.172
93.1999 93.1999
157.401 157.401
120.172 120.172
93.1999 93.1999
189.469 189.469
250.152 250.152
176.228 176.228
189.469 189.469
250.152 250.152
176.228 176.228
189.469 189.469
250.152 250.152
176.228 176.228
126.808 127.265
102.153 102.563
137.237 137.895
126.808 127.265
102.153 102.563
137.237 137.895
126.808 127.265
102.153 102.563
137.237 137.895
145.735 145.735
249.943 249.943
163.91 163.91
145.735 145.735
249.943 249.943
163.91 163.91
145.735 145.735
249.943 249.943
163.91 163.91
157.401 157.401
120.172 120.172
93.1999 93.1999
157.401 157.401
120.172 120.172
93.1999 93.1999
157.401 157.401
120.172 120.172
93.1999 93.1999
189.469 189.469
250.152 250.152
176.228 176.228
189.469 189.469
250.152 250.152
176.228 176.228
189.469 189.469
250.152 250.152
176.228 176.228
126.808 127.265
102.153 102.563
137.237 137.895
126.808 127.265
102.153 102.563
137.237 137.895
126.808 127.265
102.153 102.563
137.237 137.895
145.735 145.735
249.943 249.943
163.91 163.91
145.735 145.735
249.943 249.943
163.91 163.91
145.735 145.735
249.943 249.943
163.91 163.91
157.401 157.401
120.172 120.172
93.1999 93.1999
157.401 157.401
120.172 120.172
93.1999 93.1999
157.401 157.401
120.172 120.172
93.1999 93.1999
189.469 189.469
250.152 250.152
176.228 176.228
189.469 189.469
250.152 250.152
176.228 176.228
189.469 189.469
250.152 250.152
176.228 176.228
126.808 127.265
102.153 102.563
137.237 137.895
126.808 127.265
102.153 102.563
137.237 137.895
126.808 127.265
102.153 102.563
137.237 137.895
145.735 145.735
249.943 249.943
163.91 163.91
145.735 145.735
249.943 249.943
163.91 163.91
145.735 145.735
249.943 249.943
163.91 163.91
157.401 157.401
120.172 120.172
93.1999 93.1999
157.401 157.401
120.172 120.172
93.1999 93.1999
157.401 157.401
120.172 120.172
93.1999 93.1999
189.469 189.469
250.152 250.152
176.228 176.228
189.469 189.469
250.152 250.152
176.228 176.228
189.469 189.469
250.152 250.152
176.228 176.228
126.808 127.265
102.153 102.563
137.237 137.895
126.808 127.265
102.153 102.563
137.237 137.895
126.808 127.265
102.153 102.563
137.237 137.895
145.735 145.735
249.943 249.943
163.91 163.91
145.735 145.735
249.943 249.943
163.91 163.91
145.735 145.735
249.943 249.943
163.91 163.91
157.401 157.401
120.172 120.172
93.1999 93.1999
157.401 157.401
120.172 120.172
93.1999 93.1999
157.401 157.401
120.172 120.172
93.1999 93.1999
189.469 189.469
250.152 250.152
176.228 176.228
189.469 189.469
250.152 250.152
176.228 176.228
189.469 189.469
250.152 250.152
176.228 176.228
126.808 127.265
102.153 102.563
137.237 137.895
126.808 127.265
102.153 102.563
137.237 137.895
126.808 127.265
102.153 102.563
137.237 137.895
145.735 145.735
249.943 249.943
163.91 163.91
145.735 145.735
249.943 249.943
163.91 163.91
145.735 145.735
249.943 249.943
163.91 163.91
157.401 157.401
120.172 120.172
93.1999 93.1999
157.401 157.401
120.172 120.172
93.1999 93.1999
157.401 157.401
120.172 120.172
93.1999 93.1999
189.469 189.469
250.152 250.152
176.228 176.228
189.469 189.469
250.152 250.152
176.228 176.228
189.469 189.469
250.152 250.152
176.228 176.228
126.808 127.265
102.153 102.563
137.237 137.895
126.808 127.265
102.153 102.563
137.237 137.895
126.808 127.265
102.153 102.563
137.237 137.895
145.735 145.735
249.943 249.943
163.91 163.91
145.735 145.735
249.943 249.943
163.91 163.91
145.735 145.735
249.943 249.943
163.91 163.91
157.401 157.401
120.172 120.172
93.1999 93.1999
157.401 157.401
120.172 120.172
93.1999 93.1999
157.401 157.401
120.172 120.172
93.1999 93.1999
189.469 189.469
250.152 250.152
176.228 176.228
189.469 189.469
250.152 250.152
176.228 176.228
189.469 189.469
250.152 250.152
176.228 176.228
126.808 127.265
102.153 102.563
137.237 137.895
126.808 127.265
102.153 102.563
137.237 137.895
126.808 127.265
102.153 102.563
137.237 137.895
145.735 145.735
249.943 249.943
163.91 163.91
145.735 145.735
249.943 249.943
163.91 163.91
145.735 145.735
249.943 249.943
163.91 163.91
157.401 157.401
120.172 120.172
93.1999 93.1999
157.401 157.401
120.172 120.172
93.1999 93.1999
157.401 157.401
120.172 120.172
93.1999 93.1999
189.469 189.469
250.152 250.152
176.228 176.228
189.469 189.469
250.152 250.152
176.228 176.228
189.469 189.469
250.152 250.152
176.228 176.228
126.808 127.265
102.153 102.563
137.237 137.895
126.808 127.265
102.153 102.563
137.237 137.895
126.808 127.265
102.153 102.563
137.237 137.895
145.735 145.735
249.943 249.943
163.91 163.91
145.735 145.735
249.943 249.943
163.91 163.91
145.735 145.735
249.943 249.943
163.91 163.91
157.401 157.401
120.172 120.172
93.1999 93.1999
157.401 157.401
120.172 120.172
93.1999 93.1999
157.401 157.401
120.172 120.172
93.1999 93.1999
189.469 189.469
250.152 250.152
176.228 176.228
189.469 189.469
250.152 250.152
176.228 176.228
189.469 189.469
250.152 250.152
176.228 176.228
157.401 157.401
120.172 120.172
93.1999 93.1999
157.401 157.401
120.172 120.172
93.1999 93.1999
157.401 157.401
120.172 120.172
93.1999 93.1999
189.469 189.469
250.152 250.152
176.228 176.228
189.469 189.469
250.152 250.152
176.228 176.228
189.469 189.469
250.152 250.152
176.228 176.228
157.401 157.401
120.172 120.172
93.1999 93.1999
157.401 157.401
120.172 120.172
93.1999 93.1999
157.401 157.401
120.172 120.172
93.1999 93.1999
189.469 189.469
250.152 250.152
176.228 176.228
189.469 189.469
250.152 250.152
176.228 176.228
189.469 189.469
250.152 250.152
176.228 176.228
157.401 157.401
120.172 120.172
93.1999 93.1999
157.401 157.401
120.172 120.172
93.1999 93.1999
157.401 157.401
120.172 120.172
93.1999 93.1999
189.469 189.469
250.152 250.152
176.228 176.228
189.469 189.469
250.152 250.152
176.228 176.228
189.469 189.469
250.152 250.152
176.228 176.228
157.401 157.401
120.172 120.172
93.1999 93.1999
157.401 157.401
120.172 120.172
93.1999 93.1999
157.401 157.401
120.172 120.172
93.1999 93.1999
189.469 189.469
250.152 250.152
176.228 176.228
189.469 189.469
250.152 250.152
176.228 176.228
189.469 189.469
250.152 250.152
176.228 176.228
157.401 157.401
120.172 120.172
93.1999 93.1999
157.401 157.401
120.172 120.172
93.1999 93.1999
157.401 157.401
120.172 120.172
93.1999 93.1999
189.469 189.469
250.152 250.152
176.228 176.228
189.469 189.469
250.152 250.152
176.228 176.228
189.469 189.469
250.152 250.152
176.228 176.228
157.401 157.401
120.172 120.172
93.1999 93.1999
157.401 157.401
120.172 120.172
93.1999 93.1999
157.401 157.401
120.172 120.172
93.1999 93.1999
189.469 189.469
250.152 250.152
176.228 176.228
189.469 189.469
250.152 250.152
176.228 176.228
189.469 189.469
250.152 250.152
176.228 176.228
189.469 189.469
250.152 250.152
176.228 176.228
189.469 189.469
250.152 250.152
176.228 176.228
189.469 189.469
250.152 250.152
176.228 176.228
157.401 157.401
120.172 120.172
93.1999 93.1999
157.401 157.401
120.172 120.172
93.1999 93.1999
157.401 157.401
120.172 120.172
93.1999 93.1999
189.469 189.469
250.152 250.152
176.228 176.228
189.469 189.469
250.152 250.152
176.228 176.228
189.469 189.469
250.152 250.152
176.228 176.228
157.401 157.401
120.172 120.172
93.1999 93.1999
157.401 157.401
120.172 120.172
93.1999 93.1999
157.401 157.401
120.172 120.172
93.1999 93.1999
189.469 189.469
250.152 250.152
176.228 176.228
189.469 189.469
250.152 250.152
176.228 176.228
189.469 189.469
250.152 250.152
176.228 176.228
157.401 157.401
120.172 120.172
93.1999 93.1999
157.401 157.401
120.172 120.172
93.1999 93.1999
157.401 157.401
120.172 120.172
93.1999 93.1999
189.469 189.469
250.152 250.152
176.228 176.228
189.469 189.469
250.152 250.152
176.228 176.228
189.469 189.469
250.152 250.152
176.228 176.228
157.401 157.401
120.172 120.172
93.1999 93.1999
157.401 157.401
120.172 120.172
93.1999 93.1999
157.401 157.401
120.172 120.172
93.1999 93.1999
189.469 189.469
250.152 250.152
176.228 176.228
189.469 189.469
250.152 250.152
176.228 176.228
189.469 189.469
250.152 250.152
176.228 176.228
157.401 157.401
120.172 120.172
93.1999 93.1999
157.401 157.401
120.172 120.172
93.1999 93.1999
157.401 157.401
120.172 120.172
93.1999 93.1999
189.469 189.469
250.152 250.152
176.228 176.228
189.469 189.469
250.152 250.152
176.228 176.228
189.469 189.469
250.152 250.152
176.228 176.228
157.401 157.401
120.172 120.172
93.1999 93.1999
157.401 157.401
120.172 120.172
93.1999 93.1999
157.401 157.401
120.172 120.172
93.1999 93.1999
126.808 127.265
102.153 102.563
137.237 137.895
126.808 127.265
102.153 102.563
137.237 137.895
126.808 127.265
102.153 102.563
137.237 137.895
145.735 145.735
249.943 249.943
163.91 163.91
145.735 145.735
249.943 249.943
163.91 163.91
145.735 145.735
249.943 249.943
163.91 163.91
157.401 157.401
120.172 120.172
93.1999 93.1999
157.401 157.401
120.172 120.172
93.1999 93.1999
157.401 157.401
120.172 120.172
93.1999 93.1999
189.469 189.469
250.152 250.152
176.228 176.228
189.469 189.469
250.152 250.152
176.228 176.228
189.469 189.469
250.152 250.152
176.228 176.228
126.808 127.265
102.153 102.563
137.237 137.895
126.808 127.265
102.153 102.563
137.237 137.895
126.808 127.265
102.153 102.563
137.237 137.895
145.735 145.735
249.943 249.943
163.91 163.91
145.735 145.735
249.943 249.943
163.91 163.91
145.735 145.735
249.943 249.943
163.91 163.91
157.401 157.401
120.172 120.172
93.1999 93.1999
157.401 157.401
120.172 120.172
93.1999 93.1999
157.401 157.401
120.172 120.172
93.1999 93.1999
189.469 189.469
250.152 250.152
176.228 176.228
189.469 189.469
250.152 250.152
176.228 176.228
189.469 189.469
250.152 250.152
176.228 176.228
126.808 127.265
102.153 102.563
137.237 137.895
126.808 127.265
102.153 102.563
137.237 137.895
126.808 127.265
102.153 102.563
137.237 137.895
145.735 145.735
249.943 249.943
163.91 163.91
145.735 145.735
249.943 249.943
163.91 163.91
145.735 145.735
249.943 249.943
163.91 163.91
189.469 189.469
250.152 250.152
176.228 176.228
189.469 189.469
250.152 250.152
176.228 176.228
189.469 189.469
250.152 250.152
176.228 176.228
157.401 157.401
120.172 120.172
93.1999 93.1999
157.401 157.401
120.172 120.172
93.1999 93.1999
157.401 157.401
120.172 120.172
93.1999 93.1999
126.808 127.265
102.153 102.563
137.237 137.895
126.808 127.265
102.153 102.563
137.237 137.895
126.808 127.265
102.153 102.563
137.237 137.895
145.735 145.735
249.943 249.943
163.91 163.91
145.735 145.735
249.943 249.943
163.91 163.91
145.735 145.735
249.943 249.943
163.91 163.91
157.401 157.401
120.172 120.172
93.1999 93.1999
157.401 157.401
120.172 120.172
93.1999 93.1999
157.401 157.401
120.172 120.172
93.1999 93.1999
189.469 189.469
250.152 250.152
176.228 176.228
189.469 189.469
250.152 250.152
176.228 176.228
189.469 189.469
250.152 250.152
176.228 176.228
126.808 127.265
102.153 102.563
137.237 137.895
126.808 127.265
102.153 102.563
137.237 137.895
126.808 127.265
102.153 102.563
137.237 137.895
145.735 145.735
249.943 249.943
163.91 163.91
145.735 145.735
249.943 249.943
163.91 163.91
145.735 145.735
249.943 249.943
163.91 163.91
157.401 157.401
120.172 120.172
93.1999 93.1999
157.401 157.401
120.172 120.172
93.1999 93.1999
157.401 157.401
120.172 120.172
93.1999 93.1999
189.469 189.469
250.152 250.152
176.228 176.228
189.469 189.469
250.152 250.152
176.228 176.228
189.469 189.469
250.152 250.152
176.228 176.228
126.808 127.265
102.153 102.563
137.237 137.895
126.808 127.265
102.153 102.563
137.237 137.895
126.808 127.265
102.153 102.563
137.237 137.895
145.735 145.735
249.943 249.943
163.91 163.91
145.735 145.735
249.943 249.943
163.91 163.91
145.735 145.735
249.943 249.943
163.91 163.91
157.401 157.401
120.172 120.172
93.1999 93.1999
157.401 157.401
120.172 120.172
93.1999 93.1999
157.401 157.401
120.172 120.172
93.1999 93.1999
189.469 189.469
250.152 250.152
176.228 176.228
189.469 189.469
250.152 250.152
176.228 176.228
189.469 189.469
250.152 250.152
176.228 176.228
189.469 189.469
250.152 250.152
176.228 176.228
189.469 189.469
250.152 250.152
176.228 176.228
189.469 189.469
250.152 250.152
176.228 176.228
157.401 157.401
120.172 120.172
93.1999 93.1999
157.401 157.401
120.172 120.172
93.1999 93.1999
157.401 157.401
120.172 120.172
93.1999 93.1999
145.735 145.735
249.943 249.943
163.91 163.91
145.735 145.735
249.943 249.943
163.91 163.91
145.735 145.735
249.943 249.943
163.91 163.91
126.808 127.265
102.153 102.563
137.237 137.895
126.808 127.265
102.153 102.563
137.237 137.895
126.808 127.265
102.153 102.563
137.237 137.895
126.808 127.265
102.153 102.563
137.237 137.895
126.808 127.265
102.153 102.563
137.237 137.895
126.808 127.265
102.153 102.563
137.237 137.895
189.469 189.469
250.152 250.152
176.228 176.228
189.469 189.469
250.152 250.152
176.228 176.228
189.469 189.469
250.152 250.152
176.228 176.228
157.401 157.401
120.172 120.172
93.1999 93.1999
157.401 157.401
120.172 120.172
93.1999 93.1999
157.401 157.401
120.172 120.172
93.1999 93.1999
145.735 145.735
249.943 249.943
163.91 163.91
145.735 145.735
249.943 249.943
163.91 163.91
145.735 145.735
249.943 249.943
163.91 163.91
189.469 189.469
250.152 250.152
176.228 176.228
189.469 189.469
250.152 250.152
176.228 176.228
189.469 189.469
250.152 250.152
176.228 176.228
157.401 157.401
120.172 120.172
93.1999 93.1999
157.401 157.401
120.172 120.172
93.1999 93.1999
157.401 157.401
120.172 120.172
93.1999 93.1999
145.735 145.735
249.943 249.943
163.91 163.91
145.735 145.735
249.943 249.943
163.91 163.91
145.735 145.735
249.943 249.943
163.91 163.91
126.808 127.265
102.153 102.563
137.237 137.895
126.808 127.265
102.153 102.563
137.237 137.895
126.808 127.265
102.153 102.563
137.237 137.895
189.469 189.469
250.152 250.152
176.228 176.228
189.469 189.469
250.152 250.152
176.228 176.228
189.469 189.469
250.152 250.152
176.228 176.228
157.401 157.401
120.172 120.172
93.1999 93.1999
157.401 157.401
120.172 120.172
93.1999 93.1999
157.401 157.401
120.172 120.172
93.1999 93.1999
145.735 145.735
249.943 249.943
163.91 163.91
145.735 145.735
249.943 249.943
163.91 163.91
145.735 145.735
249.943 249.943
163.91 163.91
126.808 127.265
102.153 102.563
137.237 137.895
126.808 127.265
102.153 102.563
137.237 137.895
126.808 127.265
102.153 102.563
137.237 137.895
126.808 127.265
102.153 102.563
137.237 137.895
126.808 127.265
102.153 102.563
137.237 137.895
126.808 127.265
102.153 102.563
137.237 137.895
189.469 189.469
250.152 250.152
176.228 176.228
189.469 189.469
250.152 250.152
176.228 176.228
189.469 189.469
250.152 250.152
176.228 176.228
157.401 157.401
120.172 120.172
93.1999 93.1999
157.401 157.401
120.172 120.172
93.1999 93.1999
157.401 157.401
120.172 120.172
93.1999 93.1999
145.735 145.735
249.943 249.943
163.91 163.91
145.735 145.735
249.943 249.943
163.91 163.91
145.735 145.735
249.943 249.943
163.91 163.91
189.469 189.469
250.152 250.152
176.228 176.228
189.469 189.469
250.152 250.152
176.228 176.228
189.469 189.469
250.152 250.152
176.228 176.228
157.401 157.401
120.172 120.172
93.1999 93.1999
157.401 157.401
120.172 120.172
93.1999 93.1999
157.401 157.401
120.172 120.172
93.1999 93.1999
145.735 145.735
249.943 249.943
163.91 163.91
145.735 145.735
249.943 249.943
163.91 163.91
145.735 145.735
249.943 249.943
163.91 163.91
126.808 127.265
102.153 102.563
137.237 137.895
126.808 127.265
102.153 102.563
137.237 137.895
126.808 127.265
102.153 102.563
137.237 137.895
157.401 157.401
120.172 120.172
93.1999 93.1999
157.401 157.401
120.172 120.172
93.1999 93.1999
157.401 157.401
120.172 120.172
93.1999 93.1999
189.469 189.469
250.152 250.152
176.228 176.228
189.469 189.469
250.152 250.152
176.228 176.228
189.469 189.469
250.152 250.152
176.228 176.228
157.401 157.401
120.172 120.172
93.1999 93.1999
157.401 157.401
120.172 120.172
93.1999 93.1999
157.401 157.401
120.172 120.172
93.1999 93.1999
189.469 189.469
250.152 250.152
176.228 176.228
189.469 189.469
250.152 250.152
176.228 176.228
189.469 189.469
250.152 250.152
176.228 176.228
157.401 157.401
120.172 120.172
93.1999 93.1999
157.401 157.401
120.172 120.172
93.1999 93.1999
157.401 157.401
120.172 120.172
93.1999 93.1999
189.469 189.469
250.152 250.152
176.228 176.228
189.469 189.469
250.152 250.152
176.228 176.228
189.469 189.469
250.152 250.152
176.228 176.228
157.401 157.401
120.172 120.172
93.1999 93.1999
157.401 157.401
120.172 120.172
93.1999 93.1999
157.401 157.401
120.172 120.172
93.1999 93.1999
189.469 189.469
250.152 250.152
176.228 176.228
189.469 189.469
250.152 250.152
176.228 176.228
189.469 189.469
250.152 250.152
176.228 176.228
157.401 157.401
120.172 120.172
93.1999 93.1999
157.401 157.401
120.172 120.172
93.1999 93.1999
157.401 157.401
120.172 120.172
93.1999 93.1999
189.469 189.469
250.152 250.152
176.228 176.228
189.469 189.469
250.152 250.152
176.228 176.228
189.469 189.469
250.152 250.152
176.228 176.228
157.401 157.401
120.172 120.172
93.1999 93.1999
157.401 157.401
120.172 120.172
93.1999 93.1999
157.401 157.401
120.172 120.172
93.1999 93.1999
189.469 189.469
250.152 250.152
176.228 176.228
189.469 189.469
250.152 250.152
176.228 176.228
189.469 189.469
250.152 250.152
176.228 176.228
157.401 157.401
120.172 120.172
93.1999 93.1999
157.401 157.401
120.172 120.172
93.1999 93.1999
157.401 157.401
120.172 120.172
93.1999 93.1999
189.469 189.469
250.152 250.152
176.228 176.228
189.469 189.469
250.152 250.152
176.228 176.228
189.469 189.469
250.152 250.152
176.228 176.228
157.401 157.401
120.172 120.172
93.1999 93.1999
157.401 157.401
120.172 120.172
93.1999 93.1999
157.401 157.401
120.172 120.172
93.1999 93.1999
189.469 189.469
250.152 250.152
176.228 176.228
189.469 189.469
250.152 250.152
176.228 176.228
189.469 189.469
250.152 250.152
176.228 176.228
157.401 157.401
120.172 120.172
93.1999 93.1999
157.401 157.401
120.172 120.172
93.1999 93.1999
157.401 157.401
120.172 120.172
93.1999 93.1999
189.469 189.469
250.152 250.152
176.228 176.228
189.469 189.469
250.152 250.152
176.228 176.228
189.469 189.469
250.152 250.152
176.228 176.228
157.401 157.401
120.172 120.172
93.1999 93.1999
157.401 157.401
120.172 120.172
93.1999 93.1999
157.401 157.401
120.172 120.172
93.1999 93.1999
189.469 189.469
250.152 250.152
176.228 176.228
189.469 189.469
250.152 250.152
176.228 176.228
189.469 189.469
250.152 250.152
176.228 176.228
157.401 157.401
120.172 120.172
93.1999 93.1999
157.401 157.401
120.172 120.172
93.1999 93.1999
157.401 157.401
120.172 120.172
93.1999 93.1999
189.469 189.469
250.152 250.152
176.228 176.228
189.469 189.469
250.152 250.152
176.228 176.228
189.469 189.469
250.152 250.152
176.228 176.228
157.401 157.401
120.172 120.172
93.1999 93.1999
157.401 157.401
120.172 120.172
93.1999 93.1999
157.401 157.401
120.172 120.172
93.1999 93.1999
189.469 189.469
250.152 250.152
176.228 176.228
189.469 189.469
250.152 250.152
176.228 176.228
189.469 189.469
250.152 250.152
176.228 176.228
